EJE ACEQUIA EL SECO

BEGIN HEADER:

NUMBER OF REACHES: 1
NUMBER OF CROSS-SECTIONS: 97
UNITS: Metros

END HEADER:

BEGIN STREAM NETWORK:
Endpoint: 315971.69, 6376846.11, 479.21, 1
Endpoint: 315971.66, 6376845.53, 479.21, 2
Endpoint: 315971.48, 6376845.44, 479.16, 3
Endpoint: 315970.9, 6376845.09, 478.87, 4
Endpoint: 315971.62, 6376843.92, 478.79, 5
Endpoint: 315972.34, 6376842.74, 478.96, 6
Endpoint: 315972.52, 6376841.87, 478.96, 7
Endpoint: 315970.07, 6376815.45, 478.96, 8
Endpoint: 315968.66, 6376799.79, 478.84, 9
Endpoint: 315973.36, 6376783.63, 478.41, 10
Endpoint: 315979.67, 6376769.07, 478, 11
Endpoint: 315990, 6376746.54, 477.37, 12
Endpoint: 316004.33, 6376727.92, 476.78, 13
Endpoint: 316016.91, 6376699.3, 475.97, 14
Endpoint: 316024.32, 6376669.59, 475.19, 15
Endpoint: 316024.49, 6376647.51, 474.55, 16
Endpoint: 316023.97, 6376623.78, 473.76, 17
Endpoint: 316025.43, 6376596.07, 473.17, 18
Endpoint: 316025.86, 6376572.96, 472.47, 19
Endpoint: 316025.04, 6376548.55, 471.69, 20
Endpoint: 316026.12, 6376515.37, 470.89, 21
Endpoint: 316027.55, 6376487.5, 470.29, 22
Endpoint: 316023.02, 6376463.39, 469.82, 23
Endpoint: 316018.29, 6376441.43, 469.39, 24
Endpoint: 316021.34, 6376395.4, 468.59, 25
Endpoint: 316026.83, 6376361.46, 467.94, 26
Endpoint: 316032.39, 6376339.36, 467.55, 27
Endpoint: 316034.59, 6376305.07, 466.82, 28
Endpoint: 316034, 6376276.46, 466.54, 29
Endpoint: 316035.59, 6376258.9, 465.89, 30
Endpoint: 316024.57, 6376242.3, 465.66, 31
Endpoint: 316010.87, 6376226.16, 465.24, 32
Endpoint: 316001.97, 6376214.94, 465.15, 33
Endpoint: 316001.71, 6376209.91, 465.08, 34
Endpoint: 316012.64, 6376187.48, 464.7, 35
Endpoint: 316024.95, 6376155.92, 463.84, 36
Endpoint: 316034.08, 6376128.91, 463.16, 37
Endpoint: 316041.85, 6376101.82, 462.59, 38
Endpoint: 316048.94, 6376083.74, 462.2, 39
Endpoint: 316049.46, 6376082.37, 462.24, 40
Endpoint: 316049.64, 6376081.45, 462.28, 41
Endpoint: 316049.73, 6376081.2, 461.98, 42
Endpoint: 316050.7, 6376079.04, 461.94, 43
Endpoint: 316052.54, 6376074.88, 461.95, 44
Endpoint: 316053.01, 6376073.97, 462.02, 45
Endpoint: 316059.95, 6376055.3, 461.53, 46
Endpoint: 316074.67, 6376015.46, 460.48, 47
Endpoint: 316088.3, 6375978.57, 459.54, 48

REACH:

STREAM ID: EJE ACEQUIA EL SECO
REACH ID: EJE ACEQUIA EL SECO
FROM POINT: 1
TO POINT: 48

CENTERLINE:
315971.69, 6376846.11, 479.21, 0
315971.66, 6376845.53, 479.21, 0.58
315971.48, 6376845.44, 479.16, 0.78
315970.9, 6376845.09, 478.87, 1.46
315971.62, 6376843.92, 478.79, 2.83
315972.34, 6376842.74, 478.96, 4.21
315972.52, 6376841.87, 478.96, 5.09
315970.07, 6376815.45, 478.96, 31.63
315968.66, 6376799.79, 478.84, 47.36
315973.36, 6376783.63, 478.41, 64.19
315979.67, 6376769.07, 478, 80.06
315990, 6376746.54, 477.37, 104.84
316004.33, 6376727.92, 476.78, 128.33
316016.91, 6376699.3, 475.97, 159.6
316024.32, 6376669.59, 475.19, 190.22
316024.49, 6376647.51, 474.55, 212.3
316023.97, 6376623.78, 473.76, 236.03
316025.43, 6376596.07, 473.17, 263.78
316025.86, 6376572.96, 472.47, 286.89
316025.04, 6376548.55, 471.69, 311.33
316026.12, 6376515.37, 470.89, 344.52
316027.55, 6376487.5, 470.29, 372.43
316023.02, 6376463.39, 469.82, 396.96
316018.29, 6376441.43, 469.39, 419.43
316021.34, 6376395.4, 468.59, 465.55
316026.83, 6376361.46, 467.94, 499.94
316032.39, 6376339.36, 467.55, 522.72
316034.59, 6376305.07, 466.82, 557.08
316034, 6376276.46, 466.54, 585.7
316035.59, 6376258.9, 465.89, 603.33
316024.57, 6376242.3, 465.66, 623.26
316010.87, 6376226.16, 465.24, 644.43
316001.97, 6376214.94, 465.15, 658.75
316001.71, 6376209.91, 465.08, 663.78
316012.64, 6376187.48, 464.7, 688.73
316024.95, 6376155.92, 463.84, 722.6
316034.08, 6376128.91, 463.16, 751.11
316041.85, 6376101.82, 462.59, 779.3
316048.94, 6376083.74, 462.2, 798.73
316049.46, 6376082.37, 462.24, 800.18
316049.64, 6376081.45, 462.28, 801.12
316049.73, 6376081.2, 461.98, 801.39
316050.7, 6376079.04, 461.94, 803.76
316052.54, 6376074.88, 461.95, 808.31
316053.01, 6376073.97, 462.02, 809.33
316059.95, 6376055.3, 461.53, 829.25
316074.67, 6376015.46, 460.48, 871.72
316088.3, 6375978.57, 459.54, 911.05
END:

END STREAM NETWORK:

BEGIN CROSS-SECTIONS:


CROSS-SECTION:

STREAM ID: EJE ACEQUIA EL SECO
REACH ID: EJE ACEQUIA EL SECO
STATION: 2.8

CUT LINE:
315973.312134216, 6376844.9946169
315971.610001428, 6376843.94450073
315969.90786864, 6376842.89438456

SURFACE LINE:
315973.312134215, 6376844.9946169, 479.791530724541
315972.549246127, 6376844.52395966, 479.773246782786
315971.944285748, 6376844.15073456, 479.643123475525
315971.853423709, 6376844.09467801, 479.307292995876
315971.848528536, 6376844.09165798, 478.81755353622
315971.610001427, 6376843.94450073, 478.796038023329
315971.524299556, 6376843.8916277, 478.788307577011
315971.401404568, 6376843.81580869, 478.783575848618
315971.375217539, 6376843.79965283, 478.782314485282
315971.371350821, 6376843.79726729, 478.806524300467
315971.319058251, 6376843.76500584, 479.575058099715
315971.196137201, 6376843.68917076, 479.584989987611
315970.83004161, 6376843.46331123, 479.631196276213
315970.796971357, 6376843.44290883, 479.238616693437
315970.774424319, 6376843.42899862, 478.997732894329
315970.682701166, 6376843.37241082, 479.085511138259
315970.416765187, 6376843.2083439, 479.252457692236
315970.186819196, 6376843.0664807, 479.327636872509
315969.90786864, 6376842.89438456, 479.304160933815

END:


CROSS-SECTION:

STREAM ID: EJE ACEQUIA EL SECO
REACH ID: EJE ACEQUIA EL SECO
STATION: 3
REACH LENGTHS: 0.2, 0.2, 0.2

CUT LINE:
315973.412609431, 6376844.82819138
315971.710447126, 6376843.778057
315970.008343856, 6376842.72795903

SURFACE LINE:
315973.424502732, 6376844.80866464, 479.829879679998
315972.726640781, 6376844.38906223, 479.813270255721
315972.302509969, 6376844.13404573, 479.722675293694
315972.10582445, 6376844.01578493, 479.000760282834
315971.954809559, 6376843.92498443, 478.824772347669
315971.710447126, 6376843.778057, 478.815429137089
315971.593944601, 6376843.7080077, 478.810974656866
315971.457701839, 6376843.62608922, 478.804457720436
315971.437584541, 6376843.61399332, 478.929539697949
315971.393049397, 6376843.58721574, 479.579522562975
315970.871624128, 6376843.27369915, 479.621360824434
315970.826044846, 6376843.24629376, 479.620797937767
315970.814934196, 6376843.23961328, 479.548892575779
315970.757124527, 6376843.20485415, 479.025198228443
315970.520219838, 6376843.06241082, 479.172887883629
315970.23669989, 6376842.89193921, 479.264939501457
315969.996450966, 6376842.7474851, 479.244860909639

END:


CROSS-SECTION:

STREAM ID: EJE ACEQUIA EL SECO
REACH ID: EJE ACEQUIA EL SECO
STATION: 10
REACH LENGTHS: 7, 7, 7

CUT LINE:
315974.059111212, 6376836.80478498
315972.067668439, 6376836.98959755
315970.076225667, 6376837.17441011

SURFACE LINE:
315974.059111212, 6376836.80478498, 479.908590484914
315972.698510489, 6376836.93105329, 479.926179607197
315972.554560252, 6376836.94441235, 479.145334150074
315972.351688924, 6376836.96323949, 478.937054288777
315972.067668439, 6376836.98959755, 478.946191990972
315971.895666051, 6376837.00555994, 478.951725769976
315971.822854745, 6376837.01231708, 478.964576380601
315971.783721203, 6376837.0159488, 478.980906861819
315971.700315984, 6376837.02368909, 479.908858556299
315971.554773386, 6376837.03719593, 480.079804908003
315970.076225667, 6376837.17441011, 480.08979441921

END:


CROSS-SECTION:

STREAM ID: EJE ACEQUIA EL SECO
REACH ID: EJE ACEQUIA EL SECO
STATION: 20
REACH LENGTHS: 10, 10, 10

CUT LINE:
315973.13504839, 6376826.84757112
315971.143605618, 6376827.03238369
315969.152162845, 6376827.21719625

SURFACE LINE:
315973.13504839, 6376826.84757112, 479.942581875232
315972.126538172, 6376826.94116425, 479.95561935879
315972.050047864, 6376826.94826281, 479.540704378742
315971.43726619, 6376827.005131, 478.911585995485
315971.192200984, 6376827.02787387, 478.91947040171
315971.143605618, 6376827.03238368, 478.928047093424
315970.969623237, 6376827.04852983, 478.958753586258
315970.849995446, 6376827.05963169, 479.008674428586
315970.805129735, 6376827.06379538, 479.507842380772
315970.354237681, 6376827.10563967, 480.037435454361
315969.152162845, 6376827.21719625, 480.045557031931

END:


CROSS-SECTION:

STREAM ID: EJE ACEQUIA EL SECO
REACH ID: EJE ACEQUIA EL SECO
STATION: 30
REACH LENGTHS: 10, 10, 10

CUT LINE:
315972.210985569, 6376816.89035726
315970.219542797, 6376817.07516982
315968.228100024, 6376817.25998239

SURFACE LINE:
315972.210985569, 6376816.89035726, 479.988541131438
315972.009592067, 6376816.90904725, 479.988362429558
315971.776879512, 6376816.93064376, 479.982185157711
315971.554565855, 6376816.95127521, 479.985059110389
315971.545535476, 6376816.95211326, 479.936074606759
315970.522843457, 6376817.0470225, 478.886117702159
315970.488735916, 6376817.0501878, 478.887215033446
315970.219542797, 6376817.07516982, 478.934725456829
315970.116391728, 6376817.08474259, 478.952930791907
315969.916269689, 6376817.10331458, 479.036441995392
315969.909943486, 6376817.10390168, 479.106826205888
315969.153701977, 6376817.17408342, 479.995066000652
315968.228100024, 6376817.25998239, 480.001319644649

END:


CROSS-SECTION:

STREAM ID: EJE ACEQUIA EL SECO
REACH ID: EJE ACEQUIA EL SECO
STATION: 40
REACH LENGTHS: 10, 10, 10

CUT LINE:
315971.309446314, 6376806.93639356
315969.31752183, 6376807.11593979
315967.325597346, 6376807.29548603

SURFACE LINE:
315971.309446314, 6376806.93639356, 479.746665870892
315970.261940472, 6376807.03081266, 479.796371525203
315969.767570774, 6376807.0753737, 479.285027570978
315969.595240606, 6376807.09090703, 478.860100035972
315969.489285919, 6376807.10045748, 478.884680732687
315969.31752183, 6376807.11593979, 478.929482097211
315969.206120495, 6376807.12598118, 478.958538996337
315969.039609208, 6376807.14099002, 478.934930968868
315968.91128326, 6376807.15255694, 479.183786268329
315968.538419966, 6376807.18616575, 479.625786104781
315967.325597346, 6376807.29548602, 479.6251338103

END:


CROSS-SECTION:

STREAM ID: EJE ACEQUIA EL SECO
REACH ID: EJE ACEQUIA EL SECO
STATION: 50
REACH LENGTHS: 10, 10, 10

CUT LINE:
315971.315756369, 6376797.80942453
315969.395345957, 6376797.25083358
315967.474935545, 6376796.69224263

SURFACE LINE:
315971.315756369, 6376797.80942453, 479.490533752132
315969.974089633, 6376797.41917311, 479.57849714979
315969.903497606, 6376797.39863996, 479.449710645061
315969.646253759, 6376797.32381529, 478.773802411991
315969.557259298, 6376797.29792941, 478.773883301223
315969.395345957, 6376797.25083358, 478.773029454827
315969.14422554, 6376797.17779003, 478.771705176895
315968.92689666, 6376797.11457545, 479.178344787228
315968.897994821, 6376797.10616875, 479.23579094167
315967.474935545, 6376796.69224263, 479.237216725933

END:


CROSS-SECTION:

STREAM ID: EJE ACEQUIA EL SECO
REACH ID: EJE ACEQUIA EL SECO
STATION: 51
REACH LENGTHS: 1, 1, 1

CUT LINE:
315971.595051845, 6376796.84921932
315969.674641433, 6376796.29062837
315967.754231021, 6376795.73203742

SURFACE LINE:
315971.595051844, 6376796.84921932, 479.469029259034
315970.265959438, 6376796.4626254, 479.556168248749
315970.167273559, 6376796.43392058, 479.376127953912
315969.928172425, 6376796.36437309, 478.747889703379
315969.804859955, 6376796.32850511, 478.748001785694
315969.674641432, 6376796.29062837, 478.747315081223
315969.420916397, 6376796.21682722, 478.745977067903
315969.218894111, 6376796.15806487, 479.123976822758
315969.168063174, 6376796.14327964, 479.225009903137
315967.75423102, 6376795.73203742, 479.226426442898

END:


CROSS-SECTION:

STREAM ID: EJE ACEQUIA EL SECO
REACH ID: EJE ACEQUIA EL SECO
STATION: 60
REACH LENGTHS: 9, 9, 9

CUT LINE:
315974.108711118, 6376788.20737247
315972.188300706, 6376787.64878152
315970.267890294, 6376787.09019057

SURFACE LINE:
315974.108711118, 6376788.20737247, 479.275488821753
315972.892787675, 6376787.85369608, 479.355208139882
315972.541257133, 6376787.75144618, 478.713883736295
315972.465440426, 6376787.72939332, 478.51467533164
315972.188300706, 6376787.64878152, 478.514927231207
315972.033265869, 6376787.60368645, 478.51506814658
315971.911134098, 6376787.5681619, 478.514424087394
315971.846871164, 6376787.5494697, 478.634665145353
315971.598678351, 6376787.47727771, 479.127980559092
315970.267890293, 6376787.09019057, 479.129313895825

END:


CROSS-SECTION:

STREAM ID: EJE ACEQUIA EL SECO
REACH ID: EJE ACEQUIA EL SECO
STATION: 70
REACH LENGTHS: 10, 10, 10

CUT LINE:
315977.505607862, 6376779.09133946
315975.670792695, 6376778.29544167
315973.835977528, 6376777.49954387

SURFACE LINE:
315977.505607862, 6376779.09133946, 479.050309576998
315976.332037069, 6376778.58227325, 479.135717801517
315976.24279076, 6376778.54356039, 478.806710603156
315975.960386746, 6376778.42106046, 478.258351902399
315975.728637369, 6376778.32053327, 478.256979370753
315975.670792695, 6376778.29544167, 478.25682875804
315975.381000471, 6376778.16973691, 478.25607421337
315975.174363278, 6376778.08010277, 478.682633238354
315975.097899115, 6376778.04693449, 479.018711515099
315973.835977528, 6376777.49954387, 479.014587506006

END:


CROSS-SECTION:

STREAM ID: EJE ACEQUIA EL SECO
REACH ID: EJE ACEQUIA EL SECO
STATION: 80
REACH LENGTHS: 10, 10, 10

CUT LINE:
315981.485096846, 6376769.91726363
315979.650281679, 6376769.12136583
315977.815466512, 6376768.32546804

SURFACE LINE:
315981.485096846, 6376769.91726363, 478.822822389932
315980.215606551, 6376769.36658989, 478.915211287846
315979.96964966, 6376769.25989983, 478.008489333671
315979.966501746, 6376769.25853434, 478.002376863606
315979.650281679, 6376769.12136583, 478.000504055163
315979.334026879, 6376768.98418226, 477.998631041391
315979.333780419, 6376768.98407535, 477.998630399669
315979.333633922, 6376768.98401181, 477.998932812061
315979.126364121, 6376768.89410325, 478.909933132695
315979.056285457, 6376768.86370485, 478.909704113227
315977.815466512, 6376768.32546804, 478.879343932262

END:


CROSS-SECTION:

STREAM ID: EJE ACEQUIA EL SECO
REACH ID: EJE ACEQUIA EL SECO
STATION: 90
REACH LENGTHS: 10, 10, 10

CUT LINE:
315985.633675037, 6376760.86340898
315983.81552886, 6376760.03013563
315981.997382684, 6376759.19686228

SURFACE LINE:
315985.633675037, 6376760.86340898, 478.39595756779
315984.350843678, 6376760.27547541, 478.478730276573
315984.24441688, 6376760.22669901, 478.29854276857
315984.098693277, 6376760.15991252, 477.746336797559
315983.907799503, 6376760.07242413, 477.746660107501
315983.81552886, 6376760.03013563, 477.746056484685
315983.532527355, 6376759.9004334, 477.744205124801
315983.408592103, 6376759.84363272, 478.291194824382
315983.27412282, 6376759.78200419, 478.631987076331
315981.997382683, 6376759.19686228, 478.599654466767

END:


CROSS-SECTION:

STREAM ID: EJE ACEQUIA EL SECO
REACH ID: EJE ACEQUIA EL SECO
STATION: 100
REACH LENGTHS: 10, 10, 10

CUT LINE:
315989.800041799, 6376751.7726781
315987.981895622, 6376750.93940475
315986.163749446, 6376750.10613139

SURFACE LINE:
315989.800041799, 6376751.7726781, 477.951452678237
315988.498711203, 6376751.17626615, 478.035419021628
315988.282631798, 6376751.07723494, 477.669582497948
315988.235271041, 6376751.05552907, 477.490113335343
315987.981895622, 6376750.93940475, 477.490542469512
315987.851169379, 6376750.87949169, 477.490763876337
315987.728489372, 6376750.8232663, 477.489961319336
315987.687973768, 6376750.80469762, 477.668777414061
315987.41803132, 6376750.68098048, 478.352906108254
315986.163749446, 6376750.1061314, 478.321142239784

END:


CROSS-SECTION:

STREAM ID: EJE ACEQUIA EL SECO
REACH ID: EJE ACEQUIA EL SECO
STATION: 110
REACH LENGTHS: 10, 10, 10

CUT LINE:
315994.731440304, 6376743.67088822
315993.14656197, 6376742.45098631
315991.561683636, 6376741.2310844

SURFACE LINE:
315994.731440304, 6376743.67088822, 477.723789098598
315993.580355556, 6376742.78488299, 477.76379039993
315993.524950876, 6376742.74223728, 477.600182007901
315993.3529698, 6376742.60986116, 477.241582220289
315993.262769086, 6376742.54043247, 477.235940887227
315993.14656197, 6376742.45098631, 477.235315578748
315992.940163428, 6376742.29211861, 477.234204951759
315992.727997787, 6376742.1288119, 477.890327033985
315992.644016838, 6376742.06417064, 478.069893606553
315992.073959844, 6376741.6253902, 478.06686703892
315991.574912831, 6376741.24126709, 478.061775272376
315991.561683636, 6376741.2310844, 478.061386446097

END:


CROSS-SECTION:

STREAM ID: EJE ACEQUIA EL SECO
REACH ID: EJE ACEQUIA EL SECO
STATION: 120
REACH LENGTHS: 10, 10, 10

CUT LINE:
316000.830949847, 6376735.74649655
315999.246071513, 6376734.52659464
315997.661193179, 6376733.30669273

SURFACE LINE:
316000.830949847, 6376735.74649655, 477.613019615309
315999.696773452, 6376734.87350591, 477.652433335121
315999.530685301, 6376734.74566565, 477.161979910354
315999.45175009, 6376734.68490817, 476.99739116205
315999.246071513, 6376734.52659464, 476.984527612081
315999.185567786, 6376734.48002412, 476.980743587945
315999.040409272, 6376734.36829368, 476.979962492482
315998.944943963, 6376734.29481276, 477.275188890148
315998.703794688, 6376734.10919696, 477.790809982754
315997.661193179, 6376733.30669273, 477.785274564195

END:


CROSS-SECTION:

STREAM ID: EJE ACEQUIA EL SECO
REACH ID: EJE ACEQUIA EL SECO
STATION: 130
REACH LENGTHS: 10, 10, 10

CUT LINE:
316006.830296307, 6376727.20178007
316004.999365657, 6376726.39698634
316003.168435007, 6376725.5921926

SURFACE LINE:
316006.830296308, 6376727.20178007, 477.391134130601
316005.6248476, 6376726.67191972, 477.513271946518
316005.605087801, 6376726.66323421, 477.484681423227
316005.262835933, 6376726.51279587, 476.748717658084
316005.235601634, 6376726.50082492, 476.748587659895
316004.999365657, 6376726.39698634, 476.738443811135
316004.735870281, 6376726.28116577, 476.727129458074
316004.397628983, 6376726.1324903, 477.484644984466
316004.382304385, 6376726.1257543, 477.516238343197
316003.168435007, 6376725.5921926, 477.519678678582

END:


CROSS-SECTION:

STREAM ID: EJE ACEQUIA EL SECO
REACH ID: EJE ACEQUIA EL SECO
STATION: 140
REACH LENGTHS: 10, 10, 10

CUT LINE:
316010.854264976, 6376718.04712682
316009.023334326, 6376717.24233309
316007.192403675, 6376716.43753935

SURFACE LINE:
316010.854264976, 6376718.04712682, 477.092369466862
316009.679129712, 6376717.53059087, 477.211435880532
316009.515111198, 6376717.45849581, 476.974116910511
316009.288327409, 6376717.35881198, 476.486450758023
316009.089041755, 6376717.27121508, 476.485499501563
316009.023334326, 6376717.24233309, 476.482678059055
316008.758320906, 6376717.12584526, 476.471298521992
316008.534473735, 6376717.02745223, 476.97262023499
316008.40700858, 6376716.97142436, 477.235403803276
316007.192403675, 6376716.43753935, 477.238846223179

END:


CROSS-SECTION:

STREAM ID: EJE ACEQUIA EL SECO
REACH ID: EJE ACEQUIA EL SECO
STATION: 150
REACH LENGTHS: 10, 10, 10

CUT LINE:
316014.878233644, 6376708.89247357
316013.047302994, 6376708.08767984
316011.216372344, 6376707.2828861

SURFACE LINE:
316014.878233645, 6376708.89247357, 476.793604803186
316013.733411826, 6376708.38926203, 476.909599814494
316013.425134597, 6376708.2537574, 476.46355239744
316013.313818886, 6376708.20482808, 476.224183857692
316013.047302994, 6376708.08767984, 476.222911688971
316012.942481877, 6376708.04160525, 476.222411343154
316012.780771531, 6376707.97052474, 476.215467585852
316012.671318489, 6376707.92241417, 476.460595485577
316012.431712775, 6376707.81709441, 476.954569262621
316011.53295892, 6376707.42204314, 476.957116501464
316011.216372344, 6376707.2828861, 476.956666859261

END:


CROSS-SECTION:

STREAM ID: EJE ACEQUIA EL SECO
REACH ID: EJE ACEQUIA EL SECO
STATION: 160
REACH LENGTHS: 10, 10, 10

CUT LINE:
316018.948352214, 6376699.39515299
316017.007756729, 6376698.91132537
316015.067161244, 6376698.42749775

SURFACE LINE:
316018.948352214, 6376699.39515299, 476.594332133466
316017.840872359, 6376699.11903705, 476.604641367507
316017.779248444, 6376699.10367303, 476.604202194708
316017.304807865, 6376698.98538591, 475.968168891536
316017.292772277, 6376698.9823852, 475.960841422922
316017.288750986, 6376698.98138262, 475.960324060782
316017.286841262, 6376698.98090649, 475.960849939086
316017.007756729, 6376698.91132537, 475.960872976883
316016.72268705, 6376698.84025204, 475.960896508722
316016.715257717, 6376698.83839976, 475.966914654846
316016.345370389, 6376698.74617977, 476.674878538768
316016.332271147, 6376698.74291388, 476.676938309673
316015.067161244, 6376698.42749775, 476.681543625837

END:


CROSS-SECTION:

STREAM ID: EJE ACEQUIA EL SECO
REACH ID: EJE ACEQUIA EL SECO
STATION: 170
REACH LENGTHS: 10, 10, 10

CUT LINE:
316021.367490302, 6376689.69217556
316019.426894818, 6376689.20834794
316017.486299333, 6376688.72452032

SURFACE LINE:
316021.367490302, 6376689.69217556, 476.321440817975
316020.312504766, 6376689.42914746, 476.313922292767
316019.99669148, 6376689.35040916, 475.890544159059
316019.690816518, 6376689.27414868, 475.704322325422
316019.58861857, 6376689.24866877, 475.691173973864
316019.540084446, 6376689.23656829, 475.7045387569
316019.426894817, 6376689.20834794, 475.704548100457
316019.163028694, 6376689.14256107, 475.70456988199
316018.961088438, 6376689.09221349, 475.868151990999
316018.71423666, 6376689.03066862, 476.340625985994
316018.366041261, 6376688.94385684, 476.395377456104
316017.486299332, 6376688.72452033, 476.398579936549

END:


CROSS-SECTION:

STREAM ID: EJE ACEQUIA EL SECO
REACH ID: EJE ACEQUIA EL SECO
STATION: 180
REACH LENGTHS: 10, 10, 10

CUT LINE:
316023.78662839, 6376679.98919814
316021.846032905, 6376679.50537052
316019.90543742, 6376679.0215429

SURFACE LINE:
316023.786628391, 6376679.98919814, 476.030347634115
316022.845761087, 6376679.7546219, 476.023642390993
316022.688575096, 6376679.71543242, 475.812919426572
316022.08886076, 6376679.56591215, 475.447803228136
316021.888486154, 6376679.51595493, 475.422023887037
316021.846032906, 6376679.50537052, 475.433714186853
316021.793327631, 6376679.49223008, 475.44822757483
316021.603370338, 6376679.44487009, 475.448243255358
316021.20691916, 6376679.34602722, 475.769389327245
316021.083102931, 6376679.31515747, 476.006373433285
316020.399811374, 6376679.1447998, 476.113816602643
316019.90543742, 6376679.0215429, 476.115616247369

END:


CROSS-SECTION:

STREAM ID: EJE ACEQUIA EL SECO
REACH ID: EJE ACEQUIA EL SECO
STATION: 190
REACH LENGTHS: 10, 10, 10

CUT LINE:
316026.205766479, 6376670.28622071
316024.265170994, 6376669.80239309
316022.324575509, 6376669.31856548

SURFACE LINE:
316026.205766479, 6376670.28622071, 475.739254450143
316025.74910806, 6376670.17236702, 475.735999999997
316025.356145267, 6376670.07439387, 475.732746011476
316025.161828581, 6376670.025947, 475.602188985005
316024.486905001, 6376669.85767563, 475.191284130603
316024.265170994, 6376669.80239309, 475.162756780243
316024.188353738, 6376669.78324108, 475.15287380017
316024.046570815, 6376669.74789188, 475.191916392642
316024.043711982, 6376669.74717912, 475.191916628651
316023.452749881, 6376669.59984095, 475.670626663376
316023.451969203, 6376669.59964631, 475.672120880448
316022.433581487, 6376669.34574275, 475.832255749084
316022.324575509, 6376669.31856548, 475.832652558081

END:


CROSS-SECTION:

STREAM ID: EJE ACEQUIA EL SECO
REACH ID: EJE ACEQUIA EL SECO
STATION: 200
REACH LENGTHS: 10, 10, 10

CUT LINE:
316026.395885807, 6376659.82512796
316024.395949312, 6376659.80919005
316022.396012817, 6376659.79325214

SURFACE LINE:
316026.395885807, 6376659.82512796, 475.376059923878
316025.372063765, 6376659.81696891, 475.376171667886
316024.926763677, 6376659.81342022, 475.080831132655
316024.670057447, 6376659.81137447, 474.889523468164
316024.395949312, 6376659.80919005, 474.912400657866
316024.384777602, 6376659.80910102, 474.91333305384
316024.121492218, 6376659.80700284, 474.915233742741
316023.77970327, 6376659.80427905, 475.184311941917
316023.571884382, 6376659.8026229, 475.352713773846
316023.359905869, 6376659.8009336, 475.375278651073
316022.633140895, 6376659.79514186, 475.510364098679
316022.396012817, 6376659.79325214, 475.509023969415

END:


CROSS-SECTION:

STREAM ID: EJE ACEQUIA EL SECO
REACH ID: EJE ACEQUIA EL SECO
STATION: 210
REACH LENGTHS: 10, 10, 10

CUT LINE:
316026.475575375, 6376649.82544549
316024.47563888, 6376649.80950758
316022.475702385, 6376649.79356966

SURFACE LINE:
316026.475575375, 6376649.82544549, 475.039064100838
316025.875349344, 6376649.82066216, 475.028486099011
316025.387583065, 6376649.81677505, 475.028539335746
316025.307231228, 6376649.81613471, 474.975246836242
316024.787808664, 6376649.81199532, 474.588152539029
316024.47563888, 6376649.80950757, 474.614206371167
316024.210569892, 6376649.80739518, 474.636329149466
316024.162844526, 6376649.80701485, 474.636673684629
316024.100888932, 6376649.80652111, 474.685449105529
316023.679613858, 6376649.80316388, 475.026820838864
316023.249906701, 6376649.79973946, 475.072562688319
316022.724558608, 6376649.79555285, 475.170210325276
316022.475702385, 6376649.79356966, 475.168803914407

END:


CROSS-SECTION:

STREAM ID: EJE ACEQUIA EL SECO
REACH ID: EJE ACEQUIA EL SECO
STATION: 220
REACH LENGTHS: 10, 10, 10

CUT LINE:
316026.323390378, 6376639.76725058
316024.323879084, 6376639.81146126
316022.324367789, 6376639.85567194

SURFACE LINE:
316026.323390378, 6376639.76725058, 474.736015724515
316025.335156706, 6376639.78910116, 474.735158202656
316024.945532323, 6376639.79771604, 474.442897599946
316024.599638496, 6376639.80536401, 474.266104075111
316024.397024471, 6376639.80984396, 474.276890743115
316024.323879084, 6376639.81146126, 474.288995016521
316024.284390433, 6376639.81233438, 474.295529692806
316024.048683662, 6376639.81754603, 474.321190182641
316023.734082043, 6376639.82450211, 474.580018750758
316023.469533382, 6376639.83035147, 474.735675862097
316023.140337414, 6376639.83763024, 474.771029747457
316022.815529744, 6376639.84481198, 474.831718208138
316022.324367789, 6376639.85567194, 474.829445701364

END:


CROSS-SECTION:

STREAM ID: EJE ACEQUIA EL SECO
REACH ID: EJE ACEQUIA EL SECO
STATION: 230
REACH LENGTHS: 10, 10, 10

CUT LINE:
316026.102336972, 6376629.7696941
316024.102825677, 6376629.81390479
316022.103314383, 6376629.85811547

SURFACE LINE:
316026.102336972, 6376629.7696941, 474.458779541699
316025.263793489, 6376629.78823492, 474.458051910769
316025.115621387, 6376629.79151112, 474.346906741917
316024.31553392, 6376629.80920165, 473.937965406312
316024.239533836, 6376629.81088207, 473.9420114622
316024.102825678, 6376629.81390479, 473.964634254766
316023.979046261, 6376629.81664164, 473.985117568285
316023.890103546, 6376629.81860823, 473.9948004197
316023.771390273, 6376629.82123307, 474.092468024112
316023.155377082, 6376629.83485358, 474.454922452453
316023.030351245, 6376629.83761799, 474.468349558221
316022.906992048, 6376629.84034556, 474.491398520779
316022.103314383, 6376629.85811547, 474.48768006718

END:


CROSS-SECTION:

STREAM ID: EJE ACEQUIA EL SECO
REACH ID: EJE ACEQUIA EL SECO
STATION: 240
REACH LENGTHS: 10, 10, 10

CUT LINE:
316026.175818663, 6376619.92626569
316024.17859656, 6376619.82089078
316022.181374457, 6376619.71551587

SURFACE LINE:
316026.175818663, 6376619.92626569, 474.191192019279
316025.37281252, 6376619.88389849, 474.18894474128
316025.285380206, 6376619.8792855, 474.134581728457
316024.367447476, 6376619.83085469, 473.658405280745
316024.327307619, 6376619.82873689, 473.648910910513
316024.192569581, 6376619.82162801, 473.620180438744
316024.17859656, 6376619.82089078, 473.624801627416
316024.157367106, 6376619.8197707, 473.631822679793
316023.98976744, 6376619.81092802, 473.709261891611
316023.923388335, 6376619.80742581, 473.754013842273
316023.211397836, 6376619.76986066, 474.170404441308
316022.181374457, 6376619.71551587, 474.166738326523

END:


CROSS-SECTION:

STREAM ID: EJE ACEQUIA EL SECO
REACH ID: EJE ACEQUIA EL SECO
STATION: 250
REACH LENGTHS: 10, 10, 10

CUT LINE:
316026.702693206, 6376609.94015517
316024.705471103, 6376609.83478027
316022.708249, 6376609.72940536

SURFACE LINE:
316026.702693206, 6376609.94015517, 473.92878053934
316025.778159318, 6376609.89137609, 473.926193156062
316025.458806162, 6376609.87452678, 473.727628129415
316024.92575192, 6376609.84640244, 473.451106912688
316024.78486801, 6376609.83896931, 473.417783325715
316024.70696709, 6376609.8348592, 473.401172350792
316024.705471103, 6376609.83478027, 473.401667107137
316024.581929308, 6376609.82826211, 473.442525125288
316024.485017262, 6376609.82314896, 473.48730321261
316024.250713193, 6376609.8107869, 473.645268042342
316023.839974858, 6376609.78911605, 473.885478524446
316022.708249, 6376609.72940536, 473.881450424725

END:


CROSS-SECTION:

STREAM ID: EJE ACEQUIA EL SECO
REACH ID: EJE ACEQUIA EL SECO
STATION: 260
REACH LENGTHS: 10, 10, 10

CUT LINE:
316027.229567748, 6376599.95404466
316025.232345645, 6376599.84866975
316023.235123542, 6376599.74329484

SURFACE LINE:
316027.229567748, 6376599.95404466, 473.673352248784
316026.891717069, 6376599.93621941, 473.665423556745
316026.183506117, 6376599.89885368, 473.663441570795
316025.632232117, 6376599.86976806, 473.32067453023
316025.484056363, 6376599.86195019, 473.243808544551
316025.2424284, 6376599.84920172, 473.186655740849
316025.232345645, 6376599.84866975, 473.18450577398
316025.221364599, 6376599.84809038, 473.182164262773
316025.006491509, 6376599.83675352, 473.253227570759
316024.980267083, 6376599.8353699, 473.265344533609
316024.57803805, 6376599.814148, 473.536522242372
316024.468551881, 6376599.80837143, 473.600552607557
316023.235123542, 6376599.74329484, 473.596162522874

END:


CROSS-SECTION:

STREAM ID: EJE ACEQUIA EL SECO
REACH ID: EJE ACEQUIA EL SECO
STATION: 270
REACH LENGTHS: 10, 10, 10

CUT LINE:
316027.546331504, 6376589.89201936
316025.546674396, 6376589.85498627
316023.547017288, 6376589.81795318

SURFACE LINE:
316027.546331504, 6376589.89201936, 473.444920513873
316026.542711185, 6376589.8734326, 473.422171734915
316026.324804917, 6376589.86939703, 473.275959224939
316025.854476953, 6376589.86068669, 472.984296329809
316025.628486353, 6376589.85650141, 472.975784865253
316025.546674396, 6376589.85498627, 472.978114678597
316025.237977342, 6376589.84926929, 472.986905649268
316024.981427247, 6376589.84451805, 473.110800775124
316024.643245564, 6376589.83825502, 473.336850772356
316023.547017288, 6376589.81795318, 473.337153490138

END:


CROSS-SECTION:

STREAM ID: EJE ACEQUIA EL SECO
REACH ID: EJE ACEQUIA EL SECO
STATION: 280
REACH LENGTHS: 10, 10, 10

CUT LINE:
316027.731496957, 6376579.89373382
316025.731839849, 6376579.85670073
316023.732182741, 6376579.81966764

SURFACE LINE:
316027.731496957, 6376579.89373382, 473.193968708423
316027.539970306, 6376579.8901868, 473.210713288136
316026.871240404, 6376579.87780211, 473.19555537591
316026.300178605, 6376579.86722621, 472.812379712371
316026.106909988, 6376579.86364693, 472.692528695764
316025.731839849, 6376579.85670073, 472.678402461358
316025.514000099, 6376579.8526664, 472.670197981547
316025.355756457, 6376579.84973577, 472.674704390626
316024.690753687, 6376579.83742011, 472.995852594309
316024.558468241, 6376579.83497022, 473.08427584751
316023.732182741, 6376579.81966764, 473.084504021993

END:


CROSS-SECTION:

STREAM ID: EJE ACEQUIA EL SECO
REACH ID: EJE ACEQUIA EL SECO
STATION: 290
REACH LENGTHS: 10, 10, 10

CUT LINE:
316027.754005727, 6376569.79242659
316025.75513535, 6376569.85963683
316023.756264973, 6376569.92684708

SURFACE LINE:
316027.754005727, 6376569.79242659, 472.887173665352
316027.563601355, 6376569.79882877, 472.904119724982
316026.936674481, 6376569.81990863, 472.914344336464
316026.873336689, 6376569.8220383, 472.870713737808
316026.150536514, 6376569.84634182, 472.389808739733
316025.75513535, 6376569.85963683, 472.320374856303
316025.712433132, 6376569.86107266, 472.312876191343
316025.665759786, 6376569.86264201, 472.311107318315
316025.360710385, 6376569.87289902, 472.361140326489
316025.277015429, 6376569.87571319, 472.407047204906
316024.463235124, 6376569.90307583, 472.796427076506
316023.756264973, 6376569.92684708, 472.791635404808

END:


CROSS-SECTION:

STREAM ID: EJE ACEQUIA EL SECO
REACH ID: EJE ACEQUIA EL SECO
STATION: 300
REACH LENGTHS: 10, 10, 10

CUT LINE:
316027.417954496, 6376559.79807471
316025.419084119, 6376559.86528495
316023.420213743, 6376559.9324952

SURFACE LINE:
316027.417954496, 6376559.7980747, 472.492457485131
316026.37518575, 6376559.83313688, 472.509464102219
316026.099307419, 6376559.84241304, 472.319423741378
316025.715715421, 6376559.85531099, 472.064206164997
316025.483212777, 6376559.86312868, 472.023377854534
316025.419084119, 6376559.86528495, 472.020947442638
316025.28493173, 6376559.86979571, 472.015863201434
316025.122816775, 6376559.87524668, 472.042452661353
316024.774669744, 6376559.88695281, 472.233412120008
316024.346907445, 6376559.90133594, 472.438089018524
316023.420213743, 6376559.9324952, 472.431808114031

END:


CROSS-SECTION:

STREAM ID: EJE ACEQUIA EL SECO
REACH ID: EJE ACEQUIA EL SECO
STATION: 310
REACH LENGTHS: 10, 10, 10

CUT LINE:
316027.081903266, 6376549.80372282
316025.083032889, 6376549.87093307
316023.084162512, 6376549.93814331

SURFACE LINE:
316027.081903266, 6376549.80372282, 472.083900568737
316025.813697019, 6376549.84636513, 472.104583868012
316025.325278148, 6376549.86278779, 471.768133744987
316025.280894328, 6376549.86428015, 471.738603590218
316025.253992423, 6376549.8651847, 471.733879517737
316025.083032889, 6376549.87093307, 471.727400322627
316024.904103674, 6376549.8769494, 471.720619084551
316024.884923166, 6376549.87759433, 471.72376499626
316024.272324059, 6376549.89819243, 472.059777035193
316024.230579767, 6376549.89959605, 472.079750960542
316023.084162512, 6376549.93814331, 472.071980823253

END:


CROSS-SECTION:

STREAM ID: EJE ACEQUIA EL SECO
REACH ID: EJE ACEQUIA EL SECO
STATION: 320
REACH LENGTHS: 10, 10, 10

CUT LINE:
316027.320064603, 6376539.94144694
316025.321126347, 6376539.87628676
316023.322188091, 6376539.81112659

SURFACE LINE:
316027.320064603, 6376539.94144694, 471.910169194851
316026.273748497, 6376539.90733976, 471.915424471889
316025.944874588, 6376539.89661933, 471.748665694269
316025.566781229, 6376539.88429447, 471.48546057416
316025.414991212, 6376539.87934651, 471.440261433223
316025.321126347, 6376539.87628676, 471.439412983582
316025.200376536, 6376539.87235063, 471.438321519492
316025.075717139, 6376539.86828706, 471.472626470201
316024.869470945, 6376539.86156397, 471.643875013847
316024.405147936, 6376539.84642825, 471.906403633616
316023.322188091, 6376539.81112659, 471.918363793786

END:


CROSS-SECTION:

STREAM ID: EJE ACEQUIA EL SECO
REACH ID: EJE ACEQUIA EL SECO
STATION: 330
REACH LENGTHS: 10, 10, 10

CUT LINE:
316027.64586548, 6376529.94675566
316025.646927224, 6376529.88159548
316023.647988968, 6376529.81643531

SURFACE LINE:
316027.64586548, 6376529.94675566, 471.755277528235
316026.896309853, 6376529.9223221, 471.759042281978
316026.185271201, 6376529.89914409, 471.398503080845
316025.961723728, 6376529.89185703, 471.242883210538
316025.871977971, 6376529.88893155, 471.216159245417
316025.646927224, 6376529.88159548, 471.2141249995
316025.406523731, 6376529.87375896, 471.21195197926
316025.332588761, 6376529.87134887, 471.232298102847
316024.888467768, 6376529.85687168, 471.601056776224
316024.613717968, 6376529.84791556, 471.756400544182
316023.647988968, 6376529.81643531, 471.767066012132

END:


CROSS-SECTION:

STREAM ID: EJE ACEQUIA EL SECO
REACH ID: EJE ACEQUIA EL SECO
STATION: 340
REACH LENGTHS: 10, 10, 10

CUT LINE:
316027.971666358, 6376519.95206438
316025.972728102, 6376519.8869042
316023.973789846, 6376519.82174403

SURFACE LINE:
316027.971666358, 6376519.95206438, 471.600385861619
316027.518871208, 6376519.93730444, 471.602660092082
316026.425667814, 6376519.90166886, 471.048340467465
316026.356666227, 6376519.89941958, 471.000305846964
316026.32896473, 6376519.89851659, 470.99205705766
316025.972728102, 6376519.8869042, 470.988837015418
316025.612670926, 6376519.87516728, 470.985582439027
316025.589460383, 6376519.87441067, 470.991969735476
316024.907464592, 6376519.85217939, 471.558238538649
316024.822288001, 6376519.84940285, 471.606397454745
316023.973789846, 6376519.82174403, 471.615768230478

END:


CROSS-SECTION:

STREAM ID: EJE ACEQUIA EL SECO
REACH ID: EJE ACEQUIA EL SECO
STATION: 350
REACH LENGTHS: 10, 10, 10

CUT LINE:
316028.398179223, 6376509.9989936
316026.400806998, 6376509.89650361
316024.403434774, 6376509.79401362

SURFACE LINE:
316028.398179223, 6376509.9989936, 471.448363366013
316027.939924116, 6376509.97547943, 471.449379657173
316027.835642636, 6376509.97012849, 471.301613274384
316026.790444561, 6376509.91649686, 470.771687707004
316026.460226115, 6376509.89955255, 470.697347894523
316026.400806998, 6376509.89650361, 470.698882670729
316026.352275132, 6376509.89401332, 470.700136232846
316026.010774231, 6376509.87649009, 470.768206445794
316025.766723797, 6376509.86396727, 470.906317506749
316025.132681163, 6376509.83143301, 471.434014227288
316024.403434774, 6376509.79401362, 471.439021277079

END:


CROSS-SECTION:

STREAM ID: EJE ACEQUIA EL SECO
REACH ID: EJE ACEQUIA EL SECO
STATION: 360
REACH LENGTHS: 10, 10, 10

CUT LINE:
316028.910629172, 6376500.01213248
316026.913256947, 6376499.90964249
316024.915884723, 6376499.8071525

SURFACE LINE:
316028.910629172, 6376500.01213248, 471.296666283104
316028.153126268, 6376499.97326318, 471.298346228385
316027.834909499, 6376499.95693471, 470.847434511008
316027.25620177, 6376499.92723982, 470.554024076554
316027.073365645, 6376499.91785805, 470.512863434357
316026.913256947, 6376499.90964249, 470.516998989287
316026.759363497, 6376499.90174585, 470.520974006432
316026.570010194, 6376499.89202967, 470.558717156284
316025.876672869, 6376499.85645286, 470.951085044289
316025.524551416, 6376499.83838466, 471.244146308515
316024.915884723, 6376499.8071525, 471.248325450813

END:


CROSS-SECTION:

STREAM ID: EJE ACEQUIA EL SECO
REACH ID: EJE ACEQUIA EL SECO
STATION: 370
REACH LENGTHS: 10, 10, 10

CUT LINE:
316029.423079121, 6376490.02527136
316027.425706896, 6376489.92278137
316025.428334672, 6376489.82029138

SURFACE LINE:
316029.423079121, 6376490.02527136, 471.14496920021
316028.366328421, 6376489.97104693, 471.147312799611
316027.834176361, 6376489.94374092, 470.393255747717
316027.721958979, 6376489.93798278, 470.336360446159
316027.686505174, 6376489.93616356, 470.328378974225
316027.425706896, 6376489.92278137, 470.335115307863
316027.166451863, 6376489.90947837, 470.341811780018
316027.129246157, 6376489.90756925, 470.349227866783
316025.986621941, 6376489.84893845, 470.995852581851
316025.916421669, 6376489.8453363, 471.054278389716
316025.428334672, 6376489.82029138, 471.057629624566

END:


CROSS-SECTION:

STREAM ID: EJE ACEQUIA EL SECO
REACH ID: EJE ACEQUIA EL SECO
STATION: 380
REACH LENGTHS: 10, 10, 10

CUT LINE:
316028.117761109, 6376479.68697456
316026.152115106, 6376480.05607589
316024.186469104, 6376480.42517722

SURFACE LINE:
316028.117761109, 6376479.68697456, 471.088313022591
316027.297938479, 6376479.84091765, 471.088830273964
316026.901228853, 6376479.91541023, 470.518429883549
316026.461986913, 6376479.99788937, 470.131039081539
316026.274948039, 6376480.0330108, 470.125237967437
316026.197482647, 6376480.04755695, 470.126992178008
316026.152115106, 6376480.05607589, 470.133783502129
316026.026896105, 6376480.07958902, 470.152528243955
316025.842304447, 6376480.11425092, 470.170256185756
316025.009473561, 6376480.27063665, 470.671460680639
316024.774446964, 6376480.31476903, 470.872451991445
316024.186469104, 6376480.42517722, 470.883689802293

END:


CROSS-SECTION:

STREAM ID: EJE ACEQUIA EL SECO
REACH ID: EJE ACEQUIA EL SECO
STATION: 390
REACH LENGTHS: 10, 10, 10

CUT LINE:
316026.272254451, 6376469.85874454
316024.306608448, 6376470.22784588
316022.340962446, 6376470.59694721

SURFACE LINE:
316026.272254451, 6376469.85874454, 471.061192092081
316025.848492686, 6376469.93831687, 471.061459456442
316025.68364732, 6376469.96927089, 470.824440096763
316024.671046225, 6376470.15941317, 469.931373396707
316024.593191497, 6376470.17403243, 469.928958689318
316024.412825169, 6376470.20790091, 469.933043100553
316024.306608448, 6376470.22784587, 469.94894328326
316024.015640476, 6376470.2824827, 469.99249992745
316023.941055468, 6376470.29648799, 469.999662974349
316023.604546766, 6376470.35967628, 470.202176685931
316023.040812881, 6376470.46553202, 470.684273666769
316022.340962446, 6376470.59694721, 470.697649658194

END:


CROSS-SECTION:

STREAM ID: EJE ACEQUIA EL SECO
REACH ID: EJE ACEQUIA EL SECO
STATION: 400
REACH LENGTHS: 10, 10, 10

CUT LINE:
316024.336114923, 6376459.9940857
316022.381071936, 6376460.41575727
316020.426028949, 6376460.83742885

SURFACE LINE:
316024.336114923, 6376459.9940857, 470.872542071038
316024.049010949, 6376460.05600944, 470.876840027376
316022.822995577, 6376460.32044139, 469.789000000029
316022.767837796, 6376460.33233805, 469.737228650788
316022.730057573, 6376460.34048664, 469.736953939319
316022.700771545, 6376460.34680317, 469.738754822284
316022.476074498, 6376460.39526673, 469.744036341255
316022.381071936, 6376460.41575727, 469.758156829923
316021.996160415, 6376460.49877654, 469.815367273686
316021.323258438, 6376460.64391076, 470.40211132109
316021.246269771, 6376460.66051599, 470.470912892773
316020.426028949, 6376460.83742885, 470.469434632166

END:


CROSS-SECTION:

STREAM ID: EJE ACEQUIA EL SECO
REACH ID: EJE ACEQUIA EL SECO
STATION: 410
REACH LENGTHS: 10, 10, 10

CUT LINE:
316022.227757046, 6376450.21887076
316020.272714059, 6376450.64054233
316018.317671072, 6376451.06221391

SURFACE LINE:
316022.227757046, 6376450.21887076, 470.303228382428
316021.433613005, 6376450.39015495, 470.3151167459
316020.840669923, 6376450.51804332, 469.789000000016
316020.594023812, 6376450.57124095, 469.55749681412
316020.425084002, 6376450.60767857, 469.556268401644
316020.294127231, 6376450.63592385, 469.564321314128
316020.272714059, 6376450.64054233, 469.564824632167
316020.185132431, 6376450.65943229, 469.566883244127
316019.952338364, 6376450.70964226, 469.601484058017
316019.625930798, 6376450.78004316, 469.886098612728
316019.282117745, 6376450.85419815, 470.193350048843
316018.317671072, 6376451.06221391, 470.191611896598

END:


CROSS-SECTION:

STREAM ID: EJE ACEQUIA EL SECO
REACH ID: EJE ACEQUIA EL SECO
STATION: 420
REACH LENGTHS: 10, 10, 10

CUT LINE:
316020.319137587, 6376440.98601235
316018.323520961, 6376440.85367082
316016.327904334, 6376440.72132929

SURFACE LINE:
316020.319137587, 6376440.98601235, 469.869092899101
316019.054157783, 6376440.90212382, 469.78299725079
316019.011099318, 6376440.89926834, 469.78334232219
316018.579419194, 6376440.870641, 469.385950328343
316018.578023259, 6376440.87054843, 469.379629026968
316018.573386803, 6376440.87024095, 469.378982857291
316018.323520961, 6376440.85367082, 469.3758190902
316018.291295818, 6376440.85153378, 469.37541105986
316018.072804064, 6376440.83704425, 469.388021564723
316018.068659552, 6376440.83676941, 469.388363569114
316018.061002141, 6376440.8362616, 469.400113387765
316017.522626859, 6376440.80055864, 469.925025638549
316016.327904334, 6376440.72132929, 469.950367506769

END:


CROSS-SECTION:

STREAM ID: EJE ACEQUIA EL SECO
REACH ID: EJE ACEQUIA EL SECO
STATION: 430
REACH LENGTHS: 10, 10, 10

CUT LINE:
316020.980845242, 6376431.00792922
316018.985228616, 6376430.87558769
316016.98961199, 6376430.74324616

SURFACE LINE:
316020.980845242, 6376431.00792922, 469.668379222336
316020.653868386, 6376430.98624539, 469.646124887239
316019.629007471, 6376430.9182806, 469.654338143031
316019.292628573, 6376430.89597326, 469.34467764839
316019.263123769, 6376430.89401662, 469.21106910451
316019.165126525, 6376430.88751782, 469.197411507665
316018.985228616, 6376430.87558769, 469.195133664978
316018.945121244, 6376430.87292793, 469.194625830921
316018.774717571, 6376430.86162742, 469.204460876427
316018.707061474, 6376430.85714073, 469.210043846009
316018.582059874, 6376430.84885111, 469.401850970766
316018.162299755, 6376430.82101425, 469.811114242682
316016.98961199, 6376430.74324616, 469.835988720368

END:


CROSS-SECTION:

STREAM ID: EJE ACEQUIA EL SECO
REACH ID: EJE ACEQUIA EL SECO
STATION: 440
REACH LENGTHS: 10, 10, 10

CUT LINE:
316021.642552898, 6376421.02984609
316019.646936271, 6376420.89750456
316017.651319645, 6376420.76516303

SURFACE LINE:
316021.642552898, 6376421.02984609, 469.514149298996
316020.246915624, 6376420.93729286, 469.525333963931
316020.005837953, 6376420.92130552, 469.303404968495
316019.948224279, 6376420.91748481, 469.042509181998
316019.756866247, 6376420.90479469, 469.01584015813
316019.646936271, 6376420.89750456, 469.014448239824
316019.598946669, 6376420.89432208, 469.013840602049
316019.476631077, 6376420.88621058, 469.020900188202
316019.345463395, 6376420.87751205, 469.031724122971
316019.103117608, 6376420.86144062, 469.4035885539
316018.80197265, 6376420.84146986, 469.697202846796
316017.651319645, 6376420.76516303, 469.72160993401

END:


CROSS-SECTION:

STREAM ID: EJE ACEQUIA EL SECO
REACH ID: EJE ACEQUIA EL SECO
STATION: 450
REACH LENGTHS: 10, 10, 10

CUT LINE:
316022.304260553, 6376411.05176296
316020.308643927, 6376410.91942143
316018.3130273, 6376410.7870799

SURFACE LINE:
316022.304260553, 6376411.05176296, 469.384794109761
316020.864823777, 6376410.95630511, 469.396329784783
316020.719047332, 6376410.94663779, 469.262132288489
316020.633324789, 6376410.940953, 468.873949259278
316020.348605969, 6376410.92207156, 468.834268808505
316020.308643927, 6376410.91942143, 468.833762814601
316020.252772094, 6376410.91571623, 468.83305537311
316020.178544584, 6376410.91079375, 468.837339499919
316019.983865316, 6376410.89788338, 468.853404399882
316019.624175341, 6376410.87403013, 469.40532613699
316019.441645545, 6376410.86192547, 469.583291450986
316018.3130273, 6376410.7870799, 469.607231147609

END:


CROSS-SECTION:

STREAM ID: EJE ACEQUIA EL SECO
REACH ID: EJE ACEQUIA EL SECO
STATION: 460
REACH LENGTHS: 10, 10, 10

CUT LINE:
316022.965968208, 6376401.07367983
316020.970351582, 6376400.9413383
316018.974734956, 6376400.80899677

SURFACE LINE:
316022.965968208, 6376401.07367983, 469.255438920551
316021.48273193, 6376400.97531737, 469.267325605659
316021.432256712, 6376400.97197005, 469.220859608505
316021.318425299, 6376400.96442119, 468.705389336641
316020.970351582, 6376400.9413383, 468.656879294431
316020.940345691, 6376400.93934842, 468.652697458929
316020.906597519, 6376400.93711038, 468.652270144206
316020.88045809, 6376400.93537691, 468.65377881166
316020.622267237, 6376400.9182547, 468.67508467681
316020.145233075, 6376400.88661965, 469.407063720095
316020.081318441, 6376400.88238108, 469.469380055128
316018.974734956, 6376400.80899677, 469.492852361229

END:


CROSS-SECTION:

STREAM ID: EJE ACEQUIA EL SECO
REACH ID: EJE ACEQUIA EL SECO
STATION: 470
REACH LENGTHS: 10, 10, 10

CUT LINE:
316024.022475702, 6376391.32985978
316022.048124122, 6376391.01058586
316020.073772543, 6376390.69131193

SURFACE LINE:
316024.022475702, 6376391.32985978, 469.109945813927
316022.62695654, 6376391.1041893, 469.121498988391
316022.493877633, 6376391.082669, 468.61263700785
316022.412211993, 6376391.06946279, 468.525995414567
316022.048124123, 6376391.01058586, 468.507087021513
316021.792415545, 6376390.96923502, 468.493807155131
316021.683976728, 6376390.9516993, 468.491932008302
316021.605343723, 6376390.93898349, 468.569935902519
316021.154946859, 6376390.86614947, 469.289803303927
316020.073772543, 6376390.69131193, 469.30438195561

END:


CROSS-SECTION:

STREAM ID: EJE ACEQUIA EL SECO
REACH ID: EJE ACEQUIA EL SECO
STATION: 480
REACH LENGTHS: 10, 10, 10

CUT LINE:
316025.618845335, 6376381.45810189
316023.644493756, 6376381.13882796
316021.670142176, 6376380.81955403

SURFACE LINE:
316025.618845335, 6376381.45810188, 468.944816015009
316024.38142603, 6376381.25799785, 468.955060317998
316024.292251029, 6376381.24357729, 468.614076397406
316024.026052856, 6376381.20053018, 468.331658556505
316023.644493756, 6376381.13882796, 468.311842819751
316023.613571804, 6376381.13382755, 468.310236931572
316023.262944777, 6376381.07712738, 468.304173815322
316023.008692127, 6376381.03601198, 468.556392293575
316022.707308686, 6376380.98727503, 469.038092172236
316021.670142176, 6376380.81955403, 469.05207741854

END:


CROSS-SECTION:

STREAM ID: EJE ACEQUIA EL SECO
REACH ID: EJE ACEQUIA EL SECO
STATION: 490
REACH LENGTHS: 10, 10, 10

CUT LINE:
316027.215214968, 6376371.58634399
316025.240863389, 6376371.26707006
316023.266511809, 6376370.94779613

SURFACE LINE:
316027.215214968, 6376371.58634399, 468.779686216051
316026.135895519, 6376371.4118064, 468.788621647558
316026.090624425, 6376371.40448558, 468.615515787011
316025.63989372, 6376371.33159756, 468.137321698571
316025.434728064, 6376371.29842007, 468.126666707963
316025.240863389, 6376371.26707006, 468.123314359253
316024.841912827, 6376371.20255545, 468.116415622289
316024.412040532, 6376371.13304047, 468.5428486848
316024.259670513, 6376371.1084006, 468.78638104025
316023.266511809, 6376370.94779613, 468.799772881407

END:


CROSS-SECTION:

STREAM ID: EJE ACEQUIA EL SECO
REACH ID: EJE ACEQUIA EL SECO
STATION: 500
REACH LENGTHS: 10, 10, 10

CUT LINE:
316028.781892081, 6376361.88453252
316026.842381437, 6376361.39637428
316024.902870794, 6376360.90821605

SURFACE LINE:
316028.781892081, 6376361.88453252, 468.609861728255
316027.92236377, 6376361.6681966, 468.623378838893
316027.874244305, 6376361.65608534, 468.623712276147
316027.872501552, 6376361.6556467, 468.616941973494
316027.338336633, 6376361.52120196, 468.041183923453
316027.253101978, 6376361.49974913, 467.943745914899
316027.026212043, 6376361.44264287, 467.899394162364
316026.842381437, 6376361.39637428, 467.89761819258
316026.640231711, 6376361.34549493, 467.895665243376
316026.431603481, 6376361.29298499, 467.928147237281
316026.252975845, 6376361.24802594, 468.102405416205
316025.828001866, 6376361.14106362, 468.52918334956
316025.826012003, 6376361.14056279, 468.532403145042
316024.902870793, 6376360.90821605, 468.542958485335

END:


CROSS-SECTION:

STREAM ID: EJE ACEQUIA EL SECO
REACH ID: EJE ACEQUIA EL SECO
STATION: 510
REACH LENGTHS: 10, 10, 10

CUT LINE:
316031.222683257, 6376352.1869793
316029.283172613, 6376351.69882107
316027.343661969, 6376351.21066283

SURFACE LINE:
316031.222683257, 6376352.1869793, 468.421783747257
316030.589559099, 6376352.02762737, 468.431740381818
316029.987624381, 6376351.87612555, 468.144298074081
316029.648961011, 6376351.79088687, 467.757147048457
316029.420537351, 6376351.73339459, 467.712495487889
316029.283172613, 6376351.69882106, 467.724486558071
316029.149474719, 6376351.66517045, 467.736157536048
316028.917078607, 6376351.60667833, 467.772340027448
316028.568101986, 6376351.51884391, 468.112780240226
316028.249916091, 6376351.43875924, 468.298124004118
316027.343661969, 6376351.21066283, 468.290122878091

END:


CROSS-SECTION:

STREAM ID: EJE ACEQUIA EL SECO
REACH ID: EJE ACEQUIA EL SECO
STATION: 520
REACH LENGTHS: 10, 10, 10

CUT LINE:
316033.663474434, 6376342.48942608
316031.72396379, 6376342.00126785
316029.784453146, 6376341.51310961

SURFACE LINE:
316033.663474433, 6376342.48942608, 468.234278468695
316033.656226015, 6376342.48760172, 468.233819756286
316033.344981405, 6376342.40926411, 468.238714450015
316032.115878116, 6376342.09990933, 467.651779895447
316032.044820043, 6376342.08202462, 467.570548181876
316031.996892376, 6376342.06996164, 467.561179427674
316031.723963789, 6376342.00126785, 467.585004361864
316031.453305494, 6376341.93314547, 467.608631114091
316031.402553732, 6376341.92037168, 467.616532817615
316031.326342568, 6376341.90118999, 467.690879760693
316030.68562806, 6376341.73992763, 468.064096928165
316029.784453146, 6376341.51310961, 468.056140645363

END:


CROSS-SECTION:

STREAM ID: EJE ACEQUIA EL SECO
REACH ID: EJE ACEQUIA EL SECO
STATION: 530
REACH LENGTHS: 10, 10, 10

CUT LINE:
316034.850623324, 6376332.22662536
316032.854725371, 6376332.09859662
316030.858827417, 6376331.97056788

SURFACE LINE:
316034.850623324, 6376332.22662536, 468.002299832791
316034.369975842, 6376332.19579378, 468.006279117441
316034.19920751, 6376332.18483968, 467.884808975402
316033.170174003, 6376332.11883137, 467.373441001576
316033.099443619, 6376332.1142943, 467.37161735002
316032.906904022, 6376332.10194367, 467.366273691545
316032.854725371, 6376332.09859662, 467.364455443949
316032.818752947, 6376332.09628913, 467.363201927989
316032.539361086, 6376332.07836728, 467.41358108827
316031.990707971, 6376332.04317341, 467.755705675842
316031.848797468, 6376332.03407043, 467.826597581331
316030.858827417, 6376331.97056788, 467.822458165462

END:


CROSS-SECTION:

STREAM ID: EJE ACEQUIA EL SECO
REACH ID: EJE ACEQUIA EL SECO
STATION: 540
REACH LENGTHS: 10, 10, 10

CUT LINE:
316035.490767037, 6376322.24713559
316033.494869083, 6376322.11910685
316031.498971129, 6376321.99107811

SURFACE LINE:
316035.490767036, 6376322.24713559, 467.766527528449
316034.868429597, 6376322.20721517, 467.771679865481
316034.485378859, 6376322.18264403, 467.499209982085
316033.831100661, 6376322.14067474, 467.174072934255
316033.664805925, 6376322.13000761, 467.169785333386
316033.543620381, 6376322.12223405, 467.166422003601
316033.494869083, 6376322.11910685, 467.164723187558
316033.332895079, 6376322.10871688, 467.159078947349
316033.158107212, 6376322.09750494, 467.190596207417
316032.814869198, 6376322.07548762, 467.4046297392
316032.46211418, 6376322.05285982, 467.580849786727
316031.498971129, 6376321.99107811, 467.576822544062

END:


CROSS-SECTION:

STREAM ID: EJE ACEQUIA EL SECO
REACH ID: EJE ACEQUIA EL SECO
STATION: 550
REACH LENGTHS: 10, 10, 10

CUT LINE:
316036.130910748, 6376312.26764582
316034.135012795, 6376312.13961708
316032.139114841, 6376312.01158834

SURFACE LINE:
316036.130910749, 6376312.26764582, 467.530755224088
316035.366883352, 6376312.21863657, 467.537080613499
316034.771550209, 6376312.18044837, 467.113610988714
316034.492027319, 6376312.16251811, 466.974704866884
316034.230168231, 6376312.14572092, 466.967953316732
316034.18033674, 6376312.14252443, 466.966570315639
316034.135012795, 6376312.13961708, 466.964990931138
316033.847037211, 6376312.12114462, 466.954955966712
316033.776853339, 6376312.11664261, 466.967611326574
316033.639030426, 6376312.10780183, 467.053553802594
316033.075430891, 6376312.07164921, 467.335101992122
316032.584599162, 6376312.04016435, 467.333049650586
316032.139114841, 6376312.01158834, 467.339052226621

END:


CROSS-SECTION:

STREAM ID: EJE ACEQUIA EL SECO
REACH ID: EJE ACEQUIA EL SECO
STATION: 560
REACH LENGTHS: 10, 10, 10

CUT LINE:
316036.528262084, 6376302.11373162
316034.528682969, 6376302.15476045
316032.529103855, 6376302.19578929

SURFACE LINE:
316036.528262084, 6376302.11373162, 467.32995027979
316035.687463041, 6376302.13098375, 467.333272197638
316035.647861481, 6376302.13179632, 467.288170106161
316034.930691288, 6376302.14651175, 466.800571171601
316034.860044503, 6376302.14796133, 466.800077895542
316034.528682969, 6376302.15476045, 466.794108280345
316034.127038228, 6376302.16300169, 466.78687248408
316034.062389554, 6376302.1643282, 466.830190512207
316033.426136312, 6376302.17738331, 467.145085888401
316032.529103855, 6376302.19578929, 467.125926703793

END:


CROSS-SECTION:

STREAM ID: EJE ACEQUIA EL SECO
REACH ID: EJE ACEQUIA EL SECO
STATION: 570
REACH LENGTHS: 10, 10, 10

CUT LINE:
316036.323117904, 6376292.11583604
316034.323538789, 6376292.15686488
316032.323959675, 6376292.19789372

SURFACE LINE:
316036.323117904, 6376292.11583604, 467.241882161767
316035.374103294, 6376292.13530862, 467.245631629135
316035.158572193, 6376292.13973105, 467.000163938729
316034.719706713, 6376292.14873601, 466.701782407584
316034.374603379, 6376292.1558171, 466.699372797335
316034.323538789, 6376292.15686488, 466.69845284762
316033.927624966, 6376292.16498853, 466.691320296218
316033.664524151, 6376292.17038703, 466.867611748031
316033.282076607, 6376292.17823437, 467.056893240076
316032.323959675, 6376292.19789372, 467.036429388356

END:


CROSS-SECTION:

STREAM ID: EJE ACEQUIA EL SECO
REACH ID: EJE ACEQUIA EL SECO
STATION: 580
REACH LENGTHS: 10, 10, 10

CUT LINE:
316036.117973724, 6376282.11794047
316034.118394609, 6376282.15896931
316032.118815495, 6376282.19999814

SURFACE LINE:
316036.117973724, 6376282.11794047, 467.14718347401
316035.923739713, 6376282.12192591, 467.154581444043
316035.060743547, 6376282.1396335, 467.157991060633
316034.669282905, 6376282.14766578, 466.712157771339
316034.508722139, 6376282.15096028, 466.602993643607
316034.118394609, 6376282.15896931, 466.600268265059
316033.889162254, 6376282.16367287, 466.598667699138
316033.728211704, 6376282.16697537, 466.595768108365
316033.266658747, 6376282.17644585, 466.905032983836
316033.138016903, 6376282.17908542, 466.968700591751
316032.118815495, 6376282.19999814, 466.946932072929

END:


CROSS-SECTION:

STREAM ID: EJE ACEQUIA EL SECO
REACH ID: EJE ACEQUIA EL SECO
STATION: 590
REACH LENGTHS: 10, 10, 10

CUT LINE:
316036.37977402, 6376272.35717754
316034.387856567, 6376272.17755332
316032.395939114, 6376271.99792911

SURFACE LINE:
316036.37977402, 6376272.35717754, 466.989719091279
316036.276831302, 6376272.34789453, 466.993467679063
316035.273645998, 6376272.25743075, 466.994525402358
316035.133285697, 6376272.24477354, 466.818820135399
316034.754829087, 6376272.21064564, 466.390216344138
316034.590168348, 6376272.1957971, 466.389511998837
316034.387856567, 6376272.17755332, 466.347896711976
316034.319813261, 6376272.17141741, 466.333900286921
316034.021423352, 6376272.14450965, 466.380182982383
316033.841335887, 6376272.12826998, 466.541242932535
316033.4661687, 6376272.0944387, 466.817034957793
316032.395939114, 6376271.9979291, 466.837604967222

END:


CROSS-SECTION:

STREAM ID: EJE ACEQUIA EL SECO
REACH ID: EJE ACEQUIA EL SECO
STATION: 600
REACH LENGTHS: 10, 10, 10

CUT LINE:
316037.277895115, 6376262.39759028
316035.285977662, 6376262.21796606
316033.294060209, 6376262.03834184

SURFACE LINE:
316037.277895115, 6376262.39759028, 466.723143970737
316036.20639209, 6376262.30096584, 466.724273725827
316035.731748987, 6376262.25816417, 466.130107904824
316035.633011269, 6376262.24926035, 466.018287001032
316035.285977662, 6376262.21796606, 466.016802545884
316035.075227385, 6376262.19896133, 466.015901050069
316035.010795131, 6376262.19315105, 466.002647413999
316034.939681491, 6376262.18673827, 466.013677716444
316034.351707358, 6376262.1337168, 466.539528222832
316034.263353447, 6376262.12574935, 466.604478743536
316033.294060209, 6376262.03834184, 466.623108737774

END:


CROSS-SECTION:

STREAM ID: EJE ACEQUIA EL SECO
REACH ID: EJE ACEQUIA EL SECO
STATION: 610
REACH LENGTHS: 10, 10, 10

CUT LINE:
316033.562884006, 6376252.23809207
316031.896463147, 6376253.34400414
316030.230042289, 6376254.44991622

SURFACE LINE:
316033.562884006, 6376252.23809207, 466.51204903805
316032.60770524, 6376252.8719918, 466.523890515452
316032.530226949, 6376252.92340989, 466.316892379189
316032.195694107, 6376253.14542098, 465.823949235189
316032.011712118, 6376253.26751973, 465.883981325616
316031.896463148, 6376253.34400414, 465.864744619121
316031.852916604, 6376253.37290359, 465.857476076276
316031.59684304, 6376253.54284557, 465.805279935669
316031.260932344, 6376253.76577106, 466.245548369713
316031.154404211, 6376253.83646794, 466.506908277714
316030.23004229, 6376254.44991622, 466.538362500324

END:


CROSS-SECTION:

STREAM ID: EJE ACEQUIA EL SECO
REACH ID: EJE ACEQUIA EL SECO
STATION: 620
REACH LENGTHS: 10, 10, 10

CUT LINE:
316028.033323618, 6376243.90598778
316026.36690276, 6376245.01189985
316024.700481902, 6376246.11781193

SURFACE LINE:
316028.033323617, 6376243.90598777, 466.380424670753
316027.366172228, 6376244.34873954, 466.391666465827
316026.912019354, 6376244.65013588, 466.397296659022
316026.707341721, 6376244.78596919, 465.850461049837
316026.625748619, 6376244.84011806, 465.730231419141
316026.580875114, 6376244.86989814, 465.744873343123
316026.366902759, 6376245.01189985, 465.709158287649
316026.171113273, 6376245.14183459, 465.676478213569
316026.10777725, 6376245.18386723, 465.663568267409
316026.02469469, 6376245.23900457, 465.772462176433
316025.746427898, 6376245.42367497, 466.455171810749
316024.894733917, 6376245.98889753, 466.484153285571
316024.700481901, 6376246.11781193, 466.470056035702

END:


CROSS-SECTION:

STREAM ID: EJE ACEQUIA EL SECO
REACH ID: EJE ACEQUIA EL SECO
STATION: 630
REACH LENGTHS: 10, 10, 10

CUT LINE:
316021.72714548, 6376235.86315188
316020.20235462, 6376237.15737475
316018.67756376, 6376238.45159762

SURFACE LINE:
316021.72714548, 6376235.86315188, 466.17120010177
316020.791637225, 6376236.65719925, 466.147578400526
316020.641007464, 6376236.78505185, 465.702886501584
316020.394252873, 6376236.99449398, 465.551406508844
316020.369194908, 6376237.01576286, 465.536832482
316020.228082654, 6376237.13553712, 465.456461057941
316020.20235462, 6376237.15737475, 465.460620358979
316020.068484194, 6376237.27100224, 465.482262408862
316020.010154987, 6376237.32051132, 465.497215984134
316019.932548544, 6376237.38638267, 465.601666057727
316019.71518825, 6376237.57087529, 466.157926301214
316018.67756376, 6376238.45159762, 466.08181910715

END:


CROSS-SECTION:

STREAM ID: EJE ACEQUIA EL SECO
REACH ID: EJE ACEQUIA EL SECO
STATION: 640
REACH LENGTHS: 10, 10, 10

CUT LINE:
316015.256031136, 6376228.23919758
316013.731240276, 6376229.53342045
316012.206449416, 6376230.82764332

SURFACE LINE:
316015.256031137, 6376228.23919758, 465.861619162889
316014.536235904, 6376228.85015051, 465.843444242624
316014.490061026, 6376228.88934315, 465.707125934866
316013.880895504, 6376229.40639501, 465.333165764987
316013.819034658, 6376229.45890171, 465.297186719851
316013.775990177, 6376229.49543731, 465.272670449302
316013.731240277, 6376229.53342045, 465.279904904203
316013.727306717, 6376229.5367592, 465.280540819901
316013.58165028, 6376229.66039051, 465.317882052138
316013.387855811, 6376229.82488076, 465.57870893594
316013.323252448, 6376229.87971527, 465.744039419126
316012.410564198, 6376230.65439331, 465.677095989642
316012.206449417, 6376230.82764332, 465.698438381964

END:


CROSS-SECTION:

STREAM ID: EJE ACEQUIA EL SECO
REACH ID: EJE ACEQUIA EL SECO
STATION: 650
REACH LENGTHS: 10, 10, 10

CUT LINE:
316008.971650907, 6376220.5486452
316007.404396488, 6376221.79110791
316005.83714207, 6376223.03357062

SURFACE LINE:
316008.971650907, 6376220.5486452, 465.685681252697
316008.516297387, 6376220.90963303, 465.6952421991
316008.036144094, 6376221.29028122, 465.408209197109
316007.576151715, 6376221.65494657, 465.205294176491
316007.404396489, 6376221.79110791, 465.199484486368
316007.396695873, 6376221.79721268, 465.199224009925
316007.232523068, 6376221.92736295, 465.200790883588
316007.083640577, 6376222.04539161, 465.398898647445
316006.923780899, 6376222.17212259, 465.653378335237
316006.27240711, 6376222.68850821, 465.61745663556
316005.83714207, 6376223.03357062, 465.661670077201

END:


CROSS-SECTION:

STREAM ID: EJE ACEQUIA EL SECO
REACH ID: EJE ACEQUIA EL SECO
STATION: 660
REACH LENGTHS: 10, 10, 10

CUT LINE:
316003.903664748, 6376213.58122361
316001.906362041, 6376213.68505953
315999.909059334, 6376213.78889545

SURFACE LINE:
316003.903664748, 6376213.58122361, 465.664526787922
316003.469258541, 6376213.60380755, 465.669911010067
316003.345212613, 6376213.61025646, 465.618043095522
316002.153716771, 6376213.67220003, 465.138076591852
316001.946594312, 6376213.68296793, 465.100922905
316001.906362041, 6376213.68505953, 465.092652942614
316001.898016707, 6376213.68549339, 465.090937513658
316001.844160041, 6376213.68829329, 465.101861985473
316001.660235035, 6376213.6978552, 465.124441732792
316000.868823349, 6376213.73899917, 465.65587830367
316000.771774846, 6376213.74404453, 465.757345566819
316000.245575015, 6376213.77140064, 465.770399246894
315999.909059334, 6376213.78889545, 465.744690181813

END:


CROSS-SECTION:

STREAM ID: EJE ACEQUIA EL SECO
REACH ID: EJE ACEQUIA EL SECO
STATION: 670
REACH LENGTHS: 10, 10, 10

CUT LINE:
316006.231257829, 6376205.19421619
316004.433288207, 6376204.31825658
316002.635318585, 6376203.44229697

SURFACE LINE:
316006.231257829, 6376205.19421619, 465.569941041348
316005.779193497, 6376204.97397326, 465.57099205001
316005.555991681, 6376204.86523072, 465.411039178303
316004.67711696, 6376204.43704843, 464.981332097282
316004.624403802, 6376204.41136691, 464.971306400574
316004.433288207, 6376204.31825658, 464.972503163838
316004.271384623, 6376204.23937816, 464.973517001873
316004.18954351, 6376204.19950568, 464.984518129784
316003.799468981, 6376204.00946379, 465.369511993121
316003.578302304, 6376203.90171277, 465.507619978171
316002.635318585, 6376203.44229697, 465.50875930585

END:


CROSS-SECTION:

STREAM ID: EJE ACEQUIA EL SECO
REACH ID: EJE ACEQUIA EL SECO
STATION: 680
REACH LENGTHS: 10, 10, 10

CUT LINE:
316010.61105588, 6376196.20436808
316008.813086257, 6376195.32840847
316007.015116635, 6376194.45244886

SURFACE LINE:
316010.611055879, 6376196.20436808, 465.46321297644
316010.08599363, 6376195.94856102, 465.46443369865
316009.479227809, 6376195.65294849, 465.029607777508
316009.070496141, 6376195.45381696, 464.829767131268
316008.933388297, 6376195.38701887, 464.803690119332
316008.813086257, 6376195.32840847, 464.804443449108
316008.769836135, 6376195.30733728, 464.804714280783
316008.555772529, 6376195.20304682, 464.833488829833
316008.37348959, 6376195.11423971, 465.013397559109
316007.790185033, 6376194.83005736, 465.377643286626
316007.015116635, 6376194.45244886, 465.378579736348

END:


CROSS-SECTION:

STREAM ID: EJE ACEQUIA EL SECO
REACH ID: EJE ACEQUIA EL SECO
STATION: 690
REACH LENGTHS: 10, 10, 10

CUT LINE:
316014.961726606, 6376187.02431707
316013.098560149, 6376186.29726085
316011.235393692, 6376185.57020462

SURFACE LINE:
316014.961726606, 6376187.02431707, 465.348660295901
316014.369844357, 6376186.79334916, 465.347408986082
316013.406026077, 6376186.41724209, 464.698000000102
316013.376728111, 6376186.40580925, 464.664097953027
316013.098560149, 6376186.29726085, 464.667249337519
316012.84589972, 6376186.19866615, 464.670111745203
316012.820687272, 6376186.18882759, 464.67101666739
316011.927697306, 6376185.84035958, 465.222522600577
316011.908393905, 6376185.83282689, 465.240217391644
316011.787084987, 6376185.78548898, 465.240721373434
316011.235393692, 6376185.57020462, 465.228214253841

END:


CROSS-SECTION:

STREAM ID: EJE ACEQUIA EL SECO
REACH ID: EJE ACEQUIA EL SECO
STATION: 700
REACH LENGTHS: 10, 10, 10

CUT LINE:
316018.59700773, 6376177.70848479
316016.733841273, 6376176.98142857
316014.870674816, 6376176.25437234

SURFACE LINE:
316018.597007729, 6376177.70848479, 465.146105898595
316017.947722756, 6376177.45511683, 465.144733232549
316017.28470505, 6376177.19639, 464.697999999931
316017.035190688, 6376177.09902298, 464.409275257324
316016.733841272, 6376176.98142856, 464.412689265802
316016.667512044, 6376176.95554517, 464.413440714269
316016.432792619, 6376176.86395152, 464.421865236156
316015.81312596, 6376176.6221414, 464.804568123857
316015.584142517, 6376176.53278608, 465.014469695976
316014.870674815, 6376176.25437234, 465.017433820973

END:


CROSS-SECTION:

STREAM ID: EJE ACEQUIA EL SECO
REACH ID: EJE ACEQUIA EL SECO
STATION: 710
REACH LENGTHS: 10, 10, 10

CUT LINE:
316022.232288852, 6376168.39265251
316020.369122395, 6376167.66559628
316018.505955938, 6376166.93854006

SURFACE LINE:
316022.232288853, 6376168.3926525, 464.943551501279
316021.525601156, 6376168.1168845, 464.942057479015
316021.163384025, 6376167.97553792, 464.69800000002
316020.693653265, 6376167.7922367, 464.154452561058
316020.489124369, 6376167.71242418, 464.156769683333
316020.369122396, 6376167.66559628, 464.161076779997
316020.044897966, 6376167.53907544, 464.172713804912
316019.698554616, 6376167.40392321, 464.386613647041
316019.259891131, 6376167.23274526, 464.788721999989
316018.505955939, 6376166.93854005, 464.791854248795

END:


CROSS-SECTION:

STREAM ID: EJE ACEQUIA EL SECO
REACH ID: EJE ACEQUIA EL SECO
STATION: 720
REACH LENGTHS: 10, 10, 10

CUT LINE:
316025.867569975, 6376159.07682022
316024.004403518, 6376158.349764
316022.141237061, 6376157.62270777

SURFACE LINE:
316025.867569976, 6376159.07682022, 464.740997103994
316025.103479555, 6376158.77865218, 464.739381725502
316025.042062999, 6376158.75468583, 464.697999999907
316024.352115842, 6376158.48545043, 463.899629865282
316024.310736693, 6376158.4693032, 463.900098652425
316024.004403519, 6376158.349764, 463.91109352654
316023.657003313, 6376158.21419936, 463.923562373707
316023.58398327, 6376158.18570503, 463.968659170232
316022.935639744, 6376157.93270445, 464.562974304516
316022.141237062, 6376157.62270777, 464.566274676642

END:


CROSS-SECTION:

STREAM ID: EJE ACEQUIA EL SECO
REACH ID: EJE ACEQUIA EL SECO
STATION: 730
REACH LENGTHS: 10, 10, 10

CUT LINE:
316029.212812456, 6376149.55697395
316027.318000524, 6376148.9169054
316025.423188591, 6376148.27683686

SURFACE LINE:
316029.212812456, 6376149.55697395, 464.489623046208
316028.434105619, 6376149.29392634, 464.496443591923
316027.901093352, 6376149.11387449, 463.872767149294
316027.645318798, 6376149.0274737, 463.656292838695
316027.343226095, 6376148.92542662, 463.648007340153
316027.318000523, 6376148.9169054, 463.646439073394
316027.264657986, 6376148.89888627, 463.643122782713
316027.038205102, 6376148.82239035, 463.670761589642
316026.990185782, 6376148.8061694, 463.681874088602
316026.463992002, 6376148.62842084, 464.170500772181
316026.227483872, 6376148.54852826, 464.322672145399
316025.423188591, 6376148.27683686, 464.327315771816

END:


CROSS-SECTION:

STREAM ID: EJE ACEQUIA EL SECO
REACH ID: EJE ACEQUIA EL SECO
STATION: 740
REACH LENGTHS: 10, 10, 10

CUT LINE:
316032.413155176, 6376140.08291429
316030.518343244, 6376139.44284574
316028.623531311, 6376138.8027772

SURFACE LINE:
316032.413155176, 6376140.08291429, 464.238438183329
316031.679517553, 6376139.83509108, 464.244863976322
316031.404656553, 6376139.74224288, 463.92324974438
316030.806993253, 6376139.54035188, 463.417418540617
316030.647996341, 6376139.48664263, 463.413057731355
316030.518343243, 6376139.44284574, 463.404997234486
316030.462100706, 6376139.42384698, 463.401500651647
316030.343119006, 6376139.3836549, 463.416022490207
316030.229418294, 6376139.34524673, 463.442334796587
316029.952385497, 6376139.2516649, 463.699589104144
316029.370529446, 6376139.05511359, 464.073960312319
316028.623531311, 6376138.8027772, 464.078273131641

END:


CROSS-SECTION:

STREAM ID: EJE ACEQUIA EL SECO
REACH ID: EJE ACEQUIA EL SECO
STATION: 750
REACH LENGTHS: 10, 10, 10

CUT LINE:
316035.613497896, 6376130.60885462
316033.718685963, 6376129.96878608
316031.823874031, 6376129.32871754

SURFACE LINE:
316035.613497896, 6376130.60885463, 463.976135365491
316035.166964401, 6376130.45801536, 463.99116442277
316034.924929488, 6376130.37625583, 463.993284360738
316034.908219755, 6376130.37061127, 463.973732339581
316033.96866771, 6376130.05323006, 463.178544242841
316033.952766587, 6376130.04785865, 463.178108122556
316033.718685963, 6376129.96878608, 463.163555395506
316033.659543427, 6376129.9488077, 463.159878520513
316033.648032911, 6376129.94491944, 463.16128339073
316033.468650805, 6376129.88432406, 463.202795504581
316033.440778993, 6376129.87490895, 463.228677436157
316032.513575021, 6376129.56169892, 463.825248479055
316032.420018849, 6376129.53009559, 463.825788628844
316031.823874031, 6376129.32871754, 463.839408198621

END:


CROSS-SECTION:

STREAM ID: EJE ACEQUIA EL SECO
REACH ID: EJE ACEQUIA EL SECO
STATION: 760
REACH LENGTHS: 10, 10, 10

CUT LINE:
316038.449222324, 6376120.92406333
316036.526846684, 6376120.37227361
316034.604471044, 6376119.82048388

SURFACE LINE:
316038.449222324, 6376120.92406333, 463.643290591391
316038.306555674, 6376120.88311296, 463.648253903797
316038.30106941, 6376120.88153821, 463.653966717875
316038.290845084, 6376120.87860347, 463.772194761095
316037.67911065, 6376120.70301407, 463.706286866861
316037.028349031, 6376120.5162225, 463.152951410775
316036.785493428, 6376120.44651436, 462.978977388226
316036.60849898, 6376120.3957107, 462.987926098838
316036.526846684, 6376120.37227361, 462.991963539797
316036.268193328, 6376120.29803096, 463.004753108581
316036.104415061, 6376120.25102081, 463.18389709286
316035.425108052, 6376120.0560357, 463.611131422138
316034.604471044, 6376119.82048388, 463.630459635791

END:


CROSS-SECTION:

STREAM ID: EJE ACEQUIA EL SECO
REACH ID: EJE ACEQUIA EL SECO
STATION: 770
REACH LENGTHS: 10, 10, 10

CUT LINE:
316041.208170936, 6376111.31218513
316039.285795296, 6376110.76039541
316037.363419656, 6376110.20860568

SURFACE LINE:
316041.208170936, 6376111.31218513, 463.507606999354
316040.38238571, 6376111.07515559, 463.418637404118
316040.07117731, 6376110.98582779, 463.154020319829
316039.555473605, 6376110.83780261, 462.784586602509
316039.285795296, 6376110.7603954, 462.798221341694
316039.179626015, 6376110.72992107, 462.803589183365
316039.0160639, 6376110.68297296, 462.81167679896
316038.66763, 6376110.58296013, 463.192800854467
316038.341969753, 6376110.48948413, 463.397617285346
316037.451485475, 6376110.23388368, 463.418590590555
316037.363419656, 6376110.20860568, 463.418496222921

END:


CROSS-SECTION:

STREAM ID: EJE ACEQUIA EL SECO
REACH ID: EJE ACEQUIA EL SECO
STATION: 780
REACH LENGTHS: 10, 10, 10

CUT LINE:
316043.969326418, 6376101.89986534
316042.107364585, 6376101.16972965
316040.245402752, 6376100.43959395

SURFACE LINE:
316043.969326418, 6376101.89986534, 463.237262326433
316043.168854476, 6376101.5859743, 463.146338869981
316043.112049789, 6376101.56369934, 463.145241011794
316042.385422526, 6376101.27876519, 462.612858892356
316042.370727952, 6376101.27300297, 462.591572436896
316042.362591489, 6376101.2698124, 462.589108487304
316042.351989933, 6376101.26565519, 462.591139837812
316042.114988595, 6376101.17271927, 462.569797308028
316042.107364585, 6376101.16972965, 462.571099545354
316041.836387708, 6376101.06347081, 462.617384396699
316041.809984122, 6376101.05311711, 462.646791662116
316041.33266854, 6376100.86594617, 463.190878868861
316041.2804196, 6376100.84545767, 463.189257695787
316041.191510571, 6376100.81059355, 463.179996841294
316040.245402751, 6376100.43959395, 463.176684939246

END:


CROSS-SECTION:

STREAM ID: EJE ACEQUIA EL SECO
REACH ID: EJE ACEQUIA EL SECO
STATION: 790
REACH LENGTHS: 10, 10, 10

CUT LINE:
316047.620004889, 6376092.59005617
316045.758043056, 6376091.85992048
316043.896081223, 6376091.12978479

SURFACE LINE:
316047.620004889, 6376092.59005617, 463.054251287218
316047.388875067, 6376092.49942267, 463.027997871947
316046.555921842, 6376092.17279466, 463.011899473154
316046.224373676, 6376092.04278386, 462.768982196504
316045.976978982, 6376091.94577236, 462.410607996082
316045.83999523, 6376091.89205659, 462.369125470792
316045.758043056, 6376091.85992048, 462.38482822099
316045.661509699, 6376091.82206662, 462.403324852682
316045.552734505, 6376091.77941233, 462.393529389743
316045.424866596, 6376091.72927117, 462.415370172808
316045.056887991, 6376091.58497481, 462.825210121882
316044.83825939, 6376091.49924344, 463.074422654093
316044.184821348, 6376091.24300916, 463.054147867647
316043.896081223, 6376091.12978479, 463.024072403746

END:


CROSS-SECTION:

STREAM ID: EJE ACEQUIA EL SECO
REACH ID: EJE ACEQUIA EL SECO
STATION: 798.4
REACH LENGTHS: 8.39999999999998, 8.39999999999998, 8.39999999999998

CUT LINE:
316050.687284513, 6376084.76800661
316048.825322681, 6376084.03787091
316046.963360847, 6376083.30773522

SURFACE LINE:
316050.687284513, 6376084.7680066, 462.923790273474
316049.460151325, 6376084.28680784, 462.900073600274
316049.444474924, 6376084.28066061, 462.899694984769
316049.441910214, 6376084.2796549, 462.883413644275
316049.420408472, 6376084.27122337, 462.857523339561
316049.006930918, 6376084.1090854, 462.258562685576
316048.825322681, 6376084.03787091, 462.203566613148
316048.761690396, 6376084.01291863, 462.184296971146
316048.442149689, 6376083.88761634, 462.245523753017
316048.441109383, 6376083.8872084, 462.245430071039
316048.439886479, 6376083.88672886, 462.245638952206
316047.784918454, 6376083.62989463, 462.975116313684
316047.783637207, 6376083.62939221, 462.976576794434
316046.963360847, 6376083.30773522, 462.951125371162

END:


CROSS-SECTION:

STREAM ID: EJE ACEQUIA EL SECO
REACH ID: EJE ACEQUIA EL SECO
STATION: 798.8
REACH LENGTHS: 0.399999999999977, 0.399999999999977, 0.399999999999977

CUT LINE:
316050.842542437, 6376084.39732841
316048.970949937, 6376083.66341622
316047.118618771, 6376082.93705702

SURFACE LINE:
316050.8529256, 6376084.37027773, 462.918759428883
316050.034583012, 6376084.06291197, 462.903030667865
316049.3854884, 6376083.81911498, 462.887440264788
316049.293259169, 6376083.7844741, 462.305179216346
316049.291994901, 6376083.78399925, 462.243239366837
316049.005362312, 6376083.67634135, 462.209411540966
316048.970949937, 6376083.66341622, 462.210027222722
316048.956414982, 6376083.65795695, 462.210287271794
316048.651057039, 6376083.5432659, 462.22969309363
316048.57067023, 6376083.51307298, 462.776143049599
316048.554989073, 6376083.50718321, 462.80747328449
316048.554863353, 6376083.50713599, 462.858296977161
316048.02502413, 6376083.30813078, 462.953057919894
316047.728737013, 6376083.19684669, 462.966036964012
316047.108342464, 6376082.96382931, 462.946893649093

END:


CROSS-SECTION:

STREAM ID: EJE ACEQUIA EL SECO
REACH ID: EJE ACEQUIA EL SECO
STATION: 800
REACH LENGTHS: 1.20000000000005, 1.20000000000005, 1.20000000000005

CUT LINE:
316051.263865867, 6376083.24675371
316049.391574298, 6376082.5435295
316047.51928273, 6376081.8403053

SURFACE LINE:
316051.263865867, 6376083.24675371, 462.797337468506
316051.22552144, 6376083.23235172, 462.88882385996
316050.002117877, 6376082.7728469, 462.841637556335
316049.810166419, 6376082.7007508, 462.882266067927
316049.80977506, 6376082.70060381, 462.712377979178
316049.809227371, 6376082.7003981, 462.474999957585
316049.745646672, 6376082.67651748, 462.475
316049.391574298, 6376082.5435295, 462.475
316049.348627562, 6376082.5273989, 462.475
316049.348494067, 6376082.52734876, 462.533038312315
316049.347691416, 6376082.52704729, 462.881999973563
316049.343681251, 6376082.52554109, 462.882
316049.343010687, 6376082.52528923, 462.882
316049.342208036, 6376082.52498776, 462.533038382856
316049.342074541, 6376082.52493762, 462.475000071389
316049.002685339, 6376082.39746458, 462.475
316048.947258668, 6376082.37664657, 462.475
316048.946744133, 6376082.37645331, 462.679392785809
316048.946322201, 6376082.37629484, 462.850046158378
316048.802804062, 6376082.32239008, 462.875741874339
316047.51928273, 6376081.8403053, 462.932999812436

END:


CROSS-SECTION:

STREAM ID: EJE ACEQUIA EL SECO
REACH ID: EJE ACEQUIA EL SECO
STATION: 810
REACH LENGTHS: 10, 10, 10

CUT LINE:
316055.116385885, 6376074.03754835
316053.241701711, 6376073.34072753
316051.367017537, 6376072.64390672

SURFACE LINE:
316055.116385885, 6376074.03754835, 462.622214803269
316054.633753554, 6376073.85815373, 462.6282810714
316053.395440353, 6376073.39787224, 462.719495728019
316053.333534871, 6376073.37486195, 462.008088813103
316053.332507897, 6376073.37448023, 461.980934737256
316053.241701711, 6376073.34072753, 462.005603515472
316053.156010673, 6376073.30887614, 462.028882689917
316053.150851855, 6376073.30695861, 462.030435012704
316053.150096301, 6376073.30667777, 462.052488286058
316053.138729479, 6376073.30245272, 462.750812012476
316051.367017537, 6376072.64390672, 462.658526991213

END:


CROSS-SECTION:

STREAM ID: EJE ACEQUIA EL SECO
REACH ID: EJE ACEQUIA EL SECO
STATION: 820
REACH LENGTHS: 10, 10, 10

CUT LINE:
316058.600489956, 6376064.66412748
316056.725805782, 6376063.96730666
316054.851121608, 6376063.27048585

SURFACE LINE:
316058.600489956, 6376064.66412748, 462.414515454347
316057.449883548, 6376064.23644664, 462.42897757499
316056.857683049, 6376064.01632549, 462.472599305816
316056.828077892, 6376064.00532124, 462.13238204058
316056.813006631, 6376063.99971925, 461.733884966052
316056.728424882, 6376063.96828018, 461.75686278985
316056.725805782, 6376063.96730666, 461.757650894617
316056.638567414, 6376063.93488013, 461.783901505635
316056.625406994, 6376063.92998839, 462.168030569272
316056.619947587, 6376063.92795913, 462.503430682546
316054.851121608, 6376063.27048585, 462.411295988823

END:


CROSS-SECTION:

STREAM ID: EJE ACEQUIA EL SECO
REACH ID: EJE ACEQUIA EL SECO
STATION: 830
REACH LENGTHS: 10, 10, 10

CUT LINE:
316062.084571796, 6376055.2866589
316060.208571313, 6376054.5933897
316058.33257083, 6376053.90012049

SURFACE LINE:
316062.084571796, 6376055.2866589, 462.206754324012
316060.443646637, 6376054.68026093, 462.227433627975
316060.320878628, 6376054.63489246, 462.226995913208
316060.293468226, 6376054.62476304, 461.501957640223
316060.292281201, 6376054.62432438, 461.486600963268
316060.208571313, 6376054.5933897, 461.511822261859
316060.12737506, 6376054.56338392, 461.536286218631
316060.124844701, 6376054.56244883, 461.53764334621
316060.100549733, 6376054.55347071, 462.243577923531
316060.099858784, 6376054.55321538, 462.256348372327
316060.048253799, 6376054.53414494, 462.253673749273
316058.332570829, 6376053.90012049, 462.167115474516

END:


CROSS-SECTION:

STREAM ID: EJE ACEQUIA EL SECO
REACH ID: EJE ACEQUIA EL SECO
STATION: 840
REACH LENGTHS: 10, 10, 10

CUT LINE:
316065.550917807, 6376045.90665648
316063.674917324, 6376045.21338728
316061.79891684, 6376044.52011808

SURFACE LINE:
316065.550917807, 6376045.90665648, 461.999278472385
316065.387288788, 6376045.84618797, 462.001340561695
316063.793601346, 6376045.25724653, 461.995658458215
316063.772762792, 6376045.24954572, 461.444453533842
316063.756701636, 6376045.24361038, 461.236668490574
316063.674917323, 6376045.21338728, 461.261309624618
316063.631316094, 6376045.1972746, 461.274446420346
316063.593120934, 6376045.18315972, 461.294931932974
316063.574650309, 6376045.17633397, 461.831629625621
316063.564845898, 6376045.17271078, 462.01283934771
316062.832582981, 6376044.90210567, 461.974887065674
316061.79891684, 6376044.52011808, 461.922737362378

END:


CROSS-SECTION:

STREAM ID: EJE ACEQUIA EL SECO
REACH ID: EJE ACEQUIA EL SECO
STATION: 850
REACH LENGTHS: 10, 10, 10

CUT LINE:
316069.017263818, 6376036.52665407
316067.141263334, 6376035.83338486
316065.265262851, 6376035.14011566

SURFACE LINE:
316069.017263817, 6376036.52665407, 461.770563771151
316067.266324063, 6376035.8796006, 461.764321003222
316067.252057358, 6376035.8743284, 461.386949418062
316067.221122071, 6376035.86289637, 460.986736016591
316067.141263334, 6376035.83338486, 461.010796987377
316067.135257128, 6376035.83116529, 461.012606622046
316067.061397168, 6376035.80387061, 461.052220519568
316067.048750885, 6376035.79919722, 461.41968132786
316067.029833013, 6376035.79220619, 461.769330322255
316065.616912162, 6376035.27006639, 461.696100382068
316065.265262851, 6376035.14011566, 461.678359250241

END:


CROSS-SECTION:

STREAM ID: EJE ACEQUIA EL SECO
REACH ID: EJE ACEQUIA EL SECO
STATION: 860
REACH LENGTHS: 10, 10, 10

CUT LINE:
316072.483609828, 6376027.14665165
316070.607609345, 6376026.45338245
316068.731608862, 6376025.76011324

SURFACE LINE:
316072.483609828, 6376027.14665165, 461.53920358076
316070.73904678, 6376026.50195468, 461.532983548207
316070.731351924, 6376026.49911107, 461.329445310406
316070.685542505, 6376026.48218236, 460.736803542608
316070.639198163, 6376026.46505598, 460.75076682373
316070.607609345, 6376026.45338245, 460.767709104612
316070.529673401, 6376026.4245815, 460.80950910636
316070.522851461, 6376026.42206048, 461.007733031439
316070.494820127, 6376026.4117016, 461.525821297638
316068.731608861, 6376025.76011324, 461.434436238

END:


CROSS-SECTION:

STREAM ID: EJE ACEQUIA EL SECO
REACH ID: EJE ACEQUIA EL SECO
STATION: 870
REACH LENGTHS: 10, 10, 10

CUT LINE:
316075.949955839, 6376017.76664923
316074.073955355, 6376017.07338003
316072.197954872, 6376016.38011083

SURFACE LINE:
316075.949955839, 6376017.76664923, 461.303206868495
316074.933455925, 6376017.39100536, 461.304219180537
316074.211769497, 6376017.12430875, 461.301646093213
316074.210646491, 6376017.12389375, 461.271941202671
316074.14996294, 6376017.10146836, 460.486871070577
316074.143139197, 6376017.09894667, 460.488927025462
316074.073955355, 6376017.07338003, 460.526032943216
316073.997949635, 6376017.04529239, 460.566797693011
316073.996952036, 6376017.04492373, 460.595784742461
316073.959807242, 6376017.03119701, 461.282312267447
316072.197954872, 6376016.38011083, 461.190997642502

END:


CROSS-SECTION:

STREAM ID: EJE ACEQUIA EL SECO
REACH ID: EJE ACEQUIA EL SECO
STATION: 880
REACH LENGTHS: 10, 10, 10

CUT LINE:
316079.416440594, 6376008.38673992
316077.54045371, 6376007.69343392
316075.664466825, 6376007.00012792

SURFACE LINE:
316079.416440595, 6376008.38673991, 461.052612944044
316078.627898441, 6376008.09531943, 461.05339782997
316077.678272198, 6376007.74436731, 461.04983480405
316077.66874501, 6376007.74084636, 460.897577640513
316077.61855849, 6376007.72229899, 460.248376854227
316077.582501688, 6376007.70897353, 460.258148190928
316077.540453711, 6376007.69343391, 460.280698598854
316077.462344189, 6376007.66456708, 460.32258887989
316077.455516, 6376007.6620436, 460.471002722475
316077.424795194, 6376007.65069015, 461.03880318629
316075.664466826, 6376007.00012792, 460.947565988006

END:


CROSS-SECTION:

STREAM ID: EJE ACEQUIA EL SECO
REACH ID: EJE ACEQUIA EL SECO
STATION: 890
REACH LENGTHS: 10, 10, 10

CUT LINE:
316082.882970591, 6375999.00680549
316081.006983706, 6375998.31349949
316079.130996821, 6375997.62019349

SURFACE LINE:
316082.882970591, 6375999.00680549, 460.800330332607
316081.143494166, 6375998.36394948, 460.793803765319
316081.12247623, 6375998.35618191, 460.457909154608
316081.088026038, 6375998.3434502, 460.01226972183
316081.008387469, 6375998.31401828, 460.033851650739
316081.006983706, 6375998.31349949, 460.034604491438
316080.925935809, 6375998.28354673, 460.078070628515
316080.910868173, 6375998.2779782, 460.40557267606
316080.889782318, 6375998.27018553, 460.795294157446
316079.130996822, 6375997.62019349, 460.704136928335

END:


CROSS-SECTION:

STREAM ID: EJE ACEQUIA EL SECO
REACH ID: EJE ACEQUIA EL SECO
STATION: 900
REACH LENGTHS: 10, 10, 10

CUT LINE:
316086.349500586, 6375989.62687107
316084.473513702, 6375988.93356507
316082.597526817, 6375988.24025907

SURFACE LINE:
316086.349500587, 6375989.62687107, 460.544304201629
316084.608716134, 6375988.98353165, 460.537772726589
316084.576207451, 6375988.97151746, 460.018240673563
316084.557493586, 6375988.9646014, 459.776162590727
316084.473513702, 6375988.93356507, 459.798921009706
316084.434273251, 6375988.91906303, 459.80955511055
316084.38952743, 6375988.90252637, 459.833552377083
316084.366220347, 6375988.8939128, 460.340142621976
316084.354769443, 6375988.88968091, 460.551785132391
316082.597526817, 6375988.24025907, 460.460707868647

END:


CROSS-SECTION:

STREAM ID: EJE ACEQUIA EL SECO
REACH ID: EJE ACEQUIA EL SECO
STATION: 910
REACH LENGTHS: 10, 10, 10

CUT LINE:
316089.816030582, 6375980.24693664
316087.940043697, 6375979.55363064
316086.064056813, 6375978.86032465

SURFACE LINE:
316089.816030582, 6375980.24693664, 460.288278070626
316088.073938102, 6375979.60311382, 460.28174168781
316088.029938672, 6375979.58685301, 459.578572185299
316088.026961134, 6375979.58575261, 459.540055461009
316087.940043697, 6375979.55363064, 459.5636099511
316087.860159033, 6375979.52410777, 459.585258570289
316087.853119051, 6375979.52150602, 459.589034125652
316087.821572521, 6375979.50984741, 460.274712575561
316087.819756568, 6375979.50917629, 460.30827610912
316086.064056813, 6375978.86032464, 460.21727880893

END:


CROSS-SECTION:

STREAM ID: EJE ACEQUIA EL SECO
REACH ID: EJE ACEQUIA EL SECO
STATION: 911.05
REACH LENGTHS: 1.04999999999995, 1.04999999999995, 1.04999999999995

CUT LINE:
316090.180574914, 6375979.26053181
316088.30458803, 6375978.56722581
316086.428601145, 6375977.87391982

SURFACE LINE:
316090.180574914, 6375979.26053181, 460.261354064476
316088.438344881, 6375978.61665816, 460.254817165559
316088.393137071, 6375978.59995077, 459.53233613641
316088.391814382, 6375978.59946194, 459.515226159898
316088.30458803, 6375978.56722581, 459.538864366114
316088.220429173, 6375978.53612334, 459.561671284876
316088.217354381, 6375978.53498699, 459.563320301537
316088.18494138, 6375978.52300816, 460.267831877408
316088.18413865, 6375978.5227115, 460.282668413162
316086.428601145, 6375977.87391981, 460.191679525465

END:

END CROSS-SECTIONS:

